Time	Node	AppId	SeqNo	Type	DelayS	DelayUS	RetxCount	HopCount
0.12888	11	0	1	LastDelay	0.02888	28880	1	1
0.12888	11	0	1	FullDelay	0.02888	28880	1	1
0.15776	97	0	1	LastDelay	0.05776	57760	1	2
0.15776	97	0	1	FullDelay	0.05776	57760	1	2
0.166336	88	0	1	LastDelay	0.066336	66336	1	2
0.166336	88	0	1	FullDelay	0.066336	66336	1	2
0.18664	0	0	1	LastDelay	0.08664	86640	1	3
0.18664	0	0	1	FullDelay	0.08664	86640	1	3
0.21552	52	0	1	LastDelay	0.11552	115520	1	4
0.21552	52	0	1	FullDelay	0.11552	115520	1	4
0.21552	5	0	1	LastDelay	0.11552	115520	1	4
0.21552	5	0	1	FullDelay	0.11552	115520	1	4
0.21552	16	0	1	LastDelay	0.11552	115520	1	4
0.21552	16	0	1	FullDelay	0.11552	115520	1	4
0.22888	11	0	2	LastDelay	0.02888	28880	1	1
0.22888	11	0	2	FullDelay	0.02888	28880	1	1
0.2444	58	0	1	LastDelay	0.1444	144400	1	5
0.2444	58	0	1	FullDelay	0.1444	144400	1	5
0.25776	97	0	2	LastDelay	0.05776	57760	1	2
0.25776	97	0	2	FullDelay	0.05776	57760	1	2
0.266336	88	0	2	LastDelay	0.066336	66336	1	2
0.266336	88	0	2	FullDelay	0.066336	66336	1	2
0.28664	0	0	2	LastDelay	0.08664	86640	1	3
0.28664	0	0	2	FullDelay	0.08664	86640	1	3
0.30216	82	0	1	LastDelay	0.20216	202160	1	7
0.30216	82	0	1	FullDelay	0.20216	202160	1	7
0.31552	52	0	2	LastDelay	0.11552	115520	1	4
0.31552	52	0	2	FullDelay	0.11552	115520	1	4
0.31552	5	0	2	LastDelay	0.11552	115520	1	4
0.31552	5	0	2	FullDelay	0.11552	115520	1	4
0.31552	16	0	2	LastDelay	0.11552	115520	1	4
0.31552	16	0	2	FullDelay	0.11552	115520	1	4
0.32888	11	0	0	LastDelay	0.02888	28880	1	1
0.32888	11	0	0	FullDelay	0.32888	328880	2	1
0.33104	91	0	1	LastDelay	0.23104	231040	1	8
0.33104	91	0	1	FullDelay	0.23104	231040	1	8
0.3444	58	0	2	LastDelay	0.1444	144400	1	5
0.3444	58	0	2	FullDelay	0.1444	144400	1	5
0.35776	97	0	0	LastDelay	0.05776	57760	1	2
0.35776	97	0	0	FullDelay	0.35776	357760	2	2
0.366336	88	0	0	LastDelay	0.066336	66336	1	2
0.366336	88	0	0	FullDelay	0.366336	366336	2	2
0.38664	0	0	3	LastDelay	0.08664	86640	1	3
0.38664	0	0	3	FullDelay	0.08664	86640	1	3
0.40216	82	0	2	LastDelay	0.20216	202160	1	7
0.40216	82	0	2	FullDelay	0.20216	202160	1	7
0.41552	52	0	3	LastDelay	0.11552	115520	1	4
0.41552	52	0	3	FullDelay	0.11552	115520	1	4
0.41552	5	0	3	LastDelay	0.11552	115520	1	4
0.41552	5	0	3	FullDelay	0.11552	115520	1	4
0.41552	16	0	3	LastDelay	0.11552	115520	1	4
0.41552	16	0	3	FullDelay	0.11552	115520	1	4
0.42888	11	0	3	LastDelay	0.02888	28880	1	1
0.42888	11	0	3	FullDelay	0.02888	28880	1	1
0.43104	91	0	2	LastDelay	0.23104	231040	1	8
0.43104	91	0	2	FullDelay	0.23104	231040	1	8
0.4444	58	0	3	LastDelay	0.1444	144400	1	5
0.4444	58	0	3	FullDelay	0.1444	144400	1	5
0.45776	97	0	3	LastDelay	0.05776	57760	1	2
0.45776	97	0	3	FullDelay	0.05776	57760	1	2
0.466336	88	0	3	LastDelay	0.066336	66336	1	2
0.466336	88	0	3	FullDelay	0.066336	66336	1	2
0.48664	0	0	0	LastDelay	0.08664	86640	1	3
0.48664	0	0	0	FullDelay	0.48664	486640	2	3
0.50216	82	0	3	LastDelay	0.20216	202160	1	7
0.50216	82	0	3	FullDelay	0.20216	202160	1	7
0.51552	52	0	0	LastDelay	0.11552	115520	1	4
0.51552	52	0	0	FullDelay	0.51552	515520	2	4
0.51552	5	0	0	LastDelay	0.11552	115520	1	4
0.51552	5	0	0	FullDelay	0.51552	515520	2	4
0.51552	16	0	0	LastDelay	0.11552	115520	1	4
0.51552	16	0	0	FullDelay	0.51552	515520	2	4
0.52888	11	0	4	LastDelay	0.02888	28880	1	1
0.52888	11	0	4	FullDelay	0.02888	28880	1	1
0.53104	91	0	3	LastDelay	0.23104	231040	1	8
0.53104	91	0	3	FullDelay	0.23104	231040	1	8
0.5444	58	0	4	LastDelay	0.1444	144400	1	5
0.5444	58	0	4	FullDelay	0.1444	144400	1	5
0.55776	97	0	4	LastDelay	0.05776	57760	1	2
0.55776	97	0	4	FullDelay	0.05776	57760	1	2
0.566336	88	0	4	LastDelay	0.066336	66336	1	2
0.566336	88	0	4	FullDelay	0.066336	66336	1	2
0.58664	0	0	4	LastDelay	0.08664	86640	1	3
0.58664	0	0	4	FullDelay	0.08664	86640	1	3
0.60216	82	0	4	LastDelay	0.20216	202160	1	7
0.60216	82	0	4	FullDelay	0.20216	202160	1	7
0.61552	52	0	4	LastDelay	0.11552	115520	1	4
0.61552	52	0	4	FullDelay	0.11552	115520	1	4
0.61552	5	0	4	LastDelay	0.11552	115520	1	4
0.61552	5	0	4	FullDelay	0.11552	115520	1	4
0.61552	16	0	4	LastDelay	0.11552	115520	1	4
0.61552	16	0	4	FullDelay	0.11552	115520	1	4
0.62888	11	0	5	LastDelay	0.02888	28880	1	1
0.62888	11	0	5	FullDelay	0.02888	28880	1	1
0.63104	91	0	4	LastDelay	0.23104	231040	1	8
0.63104	91	0	4	FullDelay	0.23104	231040	1	8
0.6444	58	0	0	LastDelay	0.1444	144400	1	5
0.6444	58	0	0	FullDelay	0.6444	644400	2	5
0.65776	97	0	5	LastDelay	0.05776	57760	1	2
0.65776	97	0	5	FullDelay	0.05776	57760	1	2
0.666336	88	0	5	LastDelay	0.066336	66336	1	2
0.666336	88	0	5	FullDelay	0.066336	66336	1	2
0.68664	0	0	5	LastDelay	0.08664	86640	1	3
0.68664	0	0	5	FullDelay	0.08664	86640	1	3
0.70216	82	0	5	LastDelay	0.20216	202160	1	7
0.70216	82	0	5	FullDelay	0.20216	202160	1	7
0.71552	52	0	5	LastDelay	0.11552	115520	1	4
0.71552	52	0	5	FullDelay	0.11552	115520	1	4
0.71552	5	0	5	LastDelay	0.11552	115520	1	4
0.71552	5	0	5	FullDelay	0.11552	115520	1	4
0.71552	16	0	5	LastDelay	0.11552	115520	1	4
0.71552	16	0	5	FullDelay	0.11552	115520	1	4
0.72888	11	0	6	LastDelay	0.02888	28880	1	1
0.72888	11	0	6	FullDelay	0.02888	28880	1	1
0.73104	91	0	5	LastDelay	0.23104	231040	1	8
0.73104	91	0	5	FullDelay	0.23104	231040	1	8
0.7444	58	0	5	LastDelay	0.1444	144400	1	5
0.7444	58	0	5	FullDelay	0.1444	144400	1	5
0.75776	97	0	6	LastDelay	0.05776	57760	1	2
0.75776	97	0	6	FullDelay	0.05776	57760	1	2
0.766336	88	0	6	LastDelay	0.066336	66336	1	2
0.766336	88	0	6	FullDelay	0.066336	66336	1	2
0.78664	0	0	6	LastDelay	0.08664	86640	1	3
0.78664	0	0	6	FullDelay	0.08664	86640	1	3
0.80216	82	0	0	LastDelay	0.20216	202160	1	7
0.80216	82	0	0	FullDelay	0.80216	802160	2	7
0.81552	52	0	6	LastDelay	0.11552	115520	1	4
0.81552	52	0	6	FullDelay	0.11552	115520	1	4
0.81552	5	0	6	LastDelay	0.11552	115520	1	4
0.81552	5	0	6	FullDelay	0.11552	115520	1	4
0.81552	16	0	6	LastDelay	0.11552	115520	1	4
0.81552	16	0	6	FullDelay	0.11552	115520	1	4
0.82888	11	0	7	LastDelay	0.02888	28880	1	1
0.82888	11	0	7	FullDelay	0.02888	28880	1	1
0.83104	91	0	0	LastDelay	0.23104	231040	1	8
0.83104	91	0	0	FullDelay	0.83104	831040	2	8
0.8444	58	0	6	LastDelay	0.1444	144400	1	5
0.8444	58	0	6	FullDelay	0.1444	144400	1	5
0.85776	97	0	7	LastDelay	0.05776	57760	1	2
0.85776	97	0	7	FullDelay	0.05776	57760	1	2
0.866336	88	0	7	LastDelay	0.066336	66336	1	2
0.866336	88	0	7	FullDelay	0.066336	66336	1	2
0.88664	0	0	7	LastDelay	0.08664	86640	1	3
0.88664	0	0	7	FullDelay	0.08664	86640	1	3
0.90216	82	0	6	LastDelay	0.20216	202160	1	7
0.90216	82	0	6	FullDelay	0.20216	202160	1	7
0.91552	52	0	7	LastDelay	0.11552	115520	1	4
0.91552	52	0	7	FullDelay	0.11552	115520	1	4
0.91552	5	0	7	LastDelay	0.11552	115520	1	4
0.91552	5	0	7	FullDelay	0.11552	115520	1	4
0.91552	16	0	7	LastDelay	0.11552	115520	1	4
0.91552	16	0	7	FullDelay	0.11552	115520	1	4
0.92888	11	0	8	LastDelay	0.02888	28880	1	1
0.92888	11	0	8	FullDelay	0.02888	28880	1	1
0.93104	91	0	6	LastDelay	0.23104	231040	1	8
0.93104	91	0	6	FullDelay	0.23104	231040	1	8
0.9444	58	0	7	LastDelay	0.1444	144400	1	5
0.9444	58	0	7	FullDelay	0.1444	144400	1	5
0.95776	97	0	8	LastDelay	0.05776	57760	1	2
0.95776	97	0	8	FullDelay	0.05776	57760	1	2
0.966336	88	0	8	LastDelay	0.066336	66336	1	2
0.966336	88	0	8	FullDelay	0.066336	66336	1	2
0.98664	0	0	8	LastDelay	0.08664	86640	1	3
0.98664	0	0	8	FullDelay	0.08664	86640	1	3
1.00216	82	0	7	LastDelay	0.20216	202160	1	7
1.00216	82	0	7	FullDelay	0.20216	202160	1	7
1.01552	52	0	8	LastDelay	0.11552	115520	1	4
1.01552	52	0	8	FullDelay	0.11552	115520	1	4
1.01552	5	0	8	LastDelay	0.11552	115520	1	4
1.01552	5	0	8	FullDelay	0.11552	115520	1	4
1.01552	16	0	8	LastDelay	0.11552	115520	1	4
1.01552	16	0	8	FullDelay	0.11552	115520	1	4
1.02888	11	0	9	LastDelay	0.02888	28880	1	1
1.02888	11	0	9	FullDelay	0.02888	28880	1	1
1.03104	91	0	7	LastDelay	0.23104	231040	1	8
1.03104	91	0	7	FullDelay	0.23104	231040	1	8
1.0444	58	0	8	LastDelay	0.1444	144400	1	5
1.0444	58	0	8	FullDelay	0.1444	144400	1	5
1.05776	97	0	9	LastDelay	0.05776	57760	1	2
1.05776	97	0	9	FullDelay	0.05776	57760	1	2
1.06634	88	0	9	LastDelay	0.066336	66336	1	2
1.06634	88	0	9	FullDelay	0.066336	66336	1	2
1.08664	0	0	9	LastDelay	0.08664	86640	1	3
1.08664	0	0	9	FullDelay	0.08664	86640	1	3
1.10216	82	0	8	LastDelay	0.20216	202160	1	7
1.10216	82	0	8	FullDelay	0.20216	202160	1	7
1.11552	52	0	9	LastDelay	0.11552	115520	1	4
1.11552	52	0	9	FullDelay	0.11552	115520	1	4
1.11552	5	0	9	LastDelay	0.11552	115520	1	4
1.11552	5	0	9	FullDelay	0.11552	115520	1	4
1.11552	16	0	9	LastDelay	0.11552	115520	1	4
1.11552	16	0	9	FullDelay	0.11552	115520	1	4
1.12888	11	0	10	LastDelay	0.02888	28880	1	1
1.12888	11	0	10	FullDelay	0.02888	28880	1	1
1.13104	91	0	8	LastDelay	0.23104	231040	1	8
1.13104	91	0	8	FullDelay	0.23104	231040	1	8
1.1444	58	0	9	LastDelay	0.1444	144400	1	5
1.1444	58	0	9	FullDelay	0.1444	144400	1	5
1.15776	97	0	10	LastDelay	0.05776	57760	1	2
1.15776	97	0	10	FullDelay	0.05776	57760	1	2
1.16634	88	0	10	LastDelay	0.066336	66336	1	2
1.16634	88	0	10	FullDelay	0.066336	66336	1	2
1.18664	0	0	10	LastDelay	0.08664	86640	1	3
1.18664	0	0	10	FullDelay	0.08664	86640	1	3
1.20216	82	0	9	LastDelay	0.20216	202160	1	7
1.20216	82	0	9	FullDelay	0.20216	202160	1	7
1.21552	52	0	10	LastDelay	0.11552	115520	1	4
1.21552	52	0	10	FullDelay	0.11552	115520	1	4
1.21552	5	0	10	LastDelay	0.11552	115520	1	4
1.21552	5	0	10	FullDelay	0.11552	115520	1	4
1.21552	16	0	10	LastDelay	0.11552	115520	1	4
1.21552	16	0	10	FullDelay	0.11552	115520	1	4
1.22888	11	0	11	LastDelay	0.02888	28880	1	1
1.22888	11	0	11	FullDelay	0.02888	28880	1	1
1.23104	91	0	9	LastDelay	0.23104	231040	1	8
1.23104	91	0	9	FullDelay	0.23104	231040	1	8
1.2444	58	0	10	LastDelay	0.1444	144400	1	5
1.2444	58	0	10	FullDelay	0.1444	144400	1	5
1.25776	97	0	11	LastDelay	0.05776	57760	1	2
1.25776	97	0	11	FullDelay	0.05776	57760	1	2
1.26634	88	0	11	LastDelay	0.066336	66336	1	2
1.26634	88	0	11	FullDelay	0.066336	66336	1	2
1.28664	0	0	11	LastDelay	0.08664	86640	1	3
1.28664	0	0	11	FullDelay	0.08664	86640	1	3
1.30216	82	0	10	LastDelay	0.20216	202160	1	7
1.30216	82	0	10	FullDelay	0.20216	202160	1	7
1.31552	52	0	11	LastDelay	0.11552	115520	1	4
1.31552	52	0	11	FullDelay	0.11552	115520	1	4
1.31552	5	0	11	LastDelay	0.11552	115520	1	4
1.31552	5	0	11	FullDelay	0.11552	115520	1	4
1.31552	16	0	11	LastDelay	0.11552	115520	1	4
1.31552	16	0	11	FullDelay	0.11552	115520	1	4
1.32888	11	0	12	LastDelay	0.02888	28880	1	1
1.32888	11	0	12	FullDelay	0.02888	28880	1	1
1.33104	91	0	10	LastDelay	0.23104	231040	1	8
1.33104	91	0	10	FullDelay	0.23104	231040	1	8
1.3444	58	0	11	LastDelay	0.1444	144400	1	5
1.3444	58	0	11	FullDelay	0.1444	144400	1	5
1.35776	97	0	12	LastDelay	0.05776	57760	1	2
1.35776	97	0	12	FullDelay	0.05776	57760	1	2
1.36634	88	0	12	LastDelay	0.066336	66336	1	2
1.36634	88	0	12	FullDelay	0.066336	66336	1	2
1.38664	0	0	12	LastDelay	0.08664	86640	1	3
1.38664	0	0	12	FullDelay	0.08664	86640	1	3
1.40216	82	0	11	LastDelay	0.20216	202160	1	7
1.40216	82	0	11	FullDelay	0.20216	202160	1	7
1.41552	52	0	12	LastDelay	0.11552	115520	1	4
1.41552	52	0	12	FullDelay	0.11552	115520	1	4
1.41552	5	0	12	LastDelay	0.11552	115520	1	4
1.41552	5	0	12	FullDelay	0.11552	115520	1	4
1.41552	16	0	12	LastDelay	0.11552	115520	1	4
1.41552	16	0	12	FullDelay	0.11552	115520	1	4
1.42888	11	0	13	LastDelay	0.02888	28880	1	1
1.42888	11	0	13	FullDelay	0.02888	28880	1	1
1.43104	91	0	11	LastDelay	0.23104	231040	1	8
1.43104	91	0	11	FullDelay	0.23104	231040	1	8
1.4444	58	0	12	LastDelay	0.1444	144400	1	5
1.4444	58	0	12	FullDelay	0.1444	144400	1	5
1.45776	97	0	13	LastDelay	0.05776	57760	1	2
1.45776	97	0	13	FullDelay	0.05776	57760	1	2
1.46634	88	0	13	LastDelay	0.066336	66336	1	2
1.46634	88	0	13	FullDelay	0.066336	66336	1	2
1.48664	0	0	13	LastDelay	0.08664	86640	1	3
1.48664	0	0	13	FullDelay	0.08664	86640	1	3
1.50216	82	0	12	LastDelay	0.20216	202160	1	7
1.50216	82	0	12	FullDelay	0.20216	202160	1	7
1.51552	52	0	13	LastDelay	0.11552	115520	1	4
1.51552	52	0	13	FullDelay	0.11552	115520	1	4
1.51552	5	0	13	LastDelay	0.11552	115520	1	4
1.51552	5	0	13	FullDelay	0.11552	115520	1	4
1.51552	16	0	13	LastDelay	0.11552	115520	1	4
1.51552	16	0	13	FullDelay	0.11552	115520	1	4
1.52888	11	0	14	LastDelay	0.02888	28880	1	1
1.52888	11	0	14	FullDelay	0.02888	28880	1	1
1.53104	91	0	12	LastDelay	0.23104	231040	1	8
1.53104	91	0	12	FullDelay	0.23104	231040	1	8
1.5444	58	0	13	LastDelay	0.1444	144400	1	5
1.5444	58	0	13	FullDelay	0.1444	144400	1	5
1.55776	97	0	14	LastDelay	0.05776	57760	1	2
1.55776	97	0	14	FullDelay	0.05776	57760	1	2
1.56634	88	0	14	LastDelay	0.066336	66336	1	2
1.56634	88	0	14	FullDelay	0.066336	66336	1	2
1.58664	0	0	14	LastDelay	0.08664	86640	1	3
1.58664	0	0	14	FullDelay	0.08664	86640	1	3
1.60216	82	0	13	LastDelay	0.20216	202160	1	7
1.60216	82	0	13	FullDelay	0.20216	202160	1	7
1.61552	52	0	14	LastDelay	0.11552	115520	1	4
1.61552	52	0	14	FullDelay	0.11552	115520	1	4
1.61552	5	0	14	LastDelay	0.11552	115520	1	4
1.61552	5	0	14	FullDelay	0.11552	115520	1	4
1.61552	16	0	14	LastDelay	0.11552	115520	1	4
1.61552	16	0	14	FullDelay	0.11552	115520	1	4
1.62888	11	0	15	LastDelay	0.02888	28880	1	1
1.62888	11	0	15	FullDelay	0.02888	28880	1	1
1.63104	91	0	13	LastDelay	0.23104	231040	1	8
1.63104	91	0	13	FullDelay	0.23104	231040	1	8
1.6444	58	0	14	LastDelay	0.1444	144400	1	5
1.6444	58	0	14	FullDelay	0.1444	144400	1	5
1.65776	97	0	15	LastDelay	0.05776	57760	1	2
1.65776	97	0	15	FullDelay	0.05776	57760	1	2
1.66634	88	0	15	LastDelay	0.066336	66336	1	2
1.66634	88	0	15	FullDelay	0.066336	66336	1	2
1.68664	0	0	15	LastDelay	0.08664	86640	1	3
1.68664	0	0	15	FullDelay	0.08664	86640	1	3
1.70216	82	0	14	LastDelay	0.20216	202160	1	7
1.70216	82	0	14	FullDelay	0.20216	202160	1	7
1.71552	52	0	15	LastDelay	0.11552	115520	1	4
1.71552	52	0	15	FullDelay	0.11552	115520	1	4
1.71552	5	0	15	LastDelay	0.11552	115520	1	4
1.71552	5	0	15	FullDelay	0.11552	115520	1	4
1.71552	16	0	15	LastDelay	0.11552	115520	1	4
1.71552	16	0	15	FullDelay	0.11552	115520	1	4
1.72888	11	0	16	LastDelay	0.02888	28880	1	1
1.72888	11	0	16	FullDelay	0.02888	28880	1	1
1.73104	91	0	14	LastDelay	0.23104	231040	1	8
1.73104	91	0	14	FullDelay	0.23104	231040	1	8
1.7444	58	0	15	LastDelay	0.1444	144400	1	5
1.7444	58	0	15	FullDelay	0.1444	144400	1	5
1.75776	97	0	16	LastDelay	0.05776	57760	1	2
1.75776	97	0	16	FullDelay	0.05776	57760	1	2
1.76634	88	0	16	LastDelay	0.066336	66336	1	2
1.76634	88	0	16	FullDelay	0.066336	66336	1	2
1.78664	0	0	16	LastDelay	0.08664	86640	1	3
1.78664	0	0	16	FullDelay	0.08664	86640	1	3
1.80216	82	0	15	LastDelay	0.20216	202160	1	7
1.80216	82	0	15	FullDelay	0.20216	202160	1	7
1.81552	52	0	16	LastDelay	0.11552	115520	1	4
1.81552	52	0	16	FullDelay	0.11552	115520	1	4
1.81552	5	0	16	LastDelay	0.11552	115520	1	4
1.81552	5	0	16	FullDelay	0.11552	115520	1	4
1.81552	16	0	16	LastDelay	0.11552	115520	1	4
1.81552	16	0	16	FullDelay	0.11552	115520	1	4
1.82888	11	0	17	LastDelay	0.02888	28880	1	1
1.82888	11	0	17	FullDelay	0.02888	28880	1	1
1.83104	91	0	15	LastDelay	0.23104	231040	1	8
1.83104	91	0	15	FullDelay	0.23104	231040	1	8
1.8444	58	0	16	LastDelay	0.1444	144400	1	5
1.8444	58	0	16	FullDelay	0.1444	144400	1	5
1.85776	97	0	17	LastDelay	0.05776	57760	1	2
1.85776	97	0	17	FullDelay	0.05776	57760	1	2
1.86634	88	0	17	LastDelay	0.066336	66336	1	2
1.86634	88	0	17	FullDelay	0.066336	66336	1	2
1.88664	0	0	17	LastDelay	0.08664	86640	1	3
1.88664	0	0	17	FullDelay	0.08664	86640	1	3
1.90216	82	0	16	LastDelay	0.20216	202160	1	7
1.90216	82	0	16	FullDelay	0.20216	202160	1	7
1.91552	52	0	17	LastDelay	0.11552	115520	1	4
1.91552	52	0	17	FullDelay	0.11552	115520	1	4
1.91552	5	0	17	LastDelay	0.11552	115520	1	4
1.91552	5	0	17	FullDelay	0.11552	115520	1	4
1.91552	16	0	17	LastDelay	0.11552	115520	1	4
1.91552	16	0	17	FullDelay	0.11552	115520	1	4
1.92888	11	0	18	LastDelay	0.02888	28880	1	1
1.92888	11	0	18	FullDelay	0.02888	28880	1	1
1.93104	91	0	16	LastDelay	0.23104	231040	1	8
1.93104	91	0	16	FullDelay	0.23104	231040	1	8
1.9444	58	0	17	LastDelay	0.1444	144400	1	5
1.9444	58	0	17	FullDelay	0.1444	144400	1	5
1.95776	97	0	18	LastDelay	0.05776	57760	1	2
1.95776	97	0	18	FullDelay	0.05776	57760	1	2
1.96634	88	0	18	LastDelay	0.066336	66336	1	2
1.96634	88	0	18	FullDelay	0.066336	66336	1	2
1.98664	0	0	18	LastDelay	0.08664	86640	1	3
1.98664	0	0	18	FullDelay	0.08664	86640	1	3
2.00216	82	0	17	LastDelay	0.20216	202160	1	7
2.00216	82	0	17	FullDelay	0.20216	202160	1	7
2.01552	52	0	18	LastDelay	0.11552	115520	1	4
2.01552	52	0	18	FullDelay	0.11552	115520	1	4
2.01552	5	0	18	LastDelay	0.11552	115520	1	4
2.01552	5	0	18	FullDelay	0.11552	115520	1	4
2.01552	16	0	18	LastDelay	0.11552	115520	1	4
2.01552	16	0	18	FullDelay	0.11552	115520	1	4
2.02888	11	0	19	LastDelay	0.02888	28880	1	1
2.02888	11	0	19	FullDelay	0.02888	28880	1	1
2.03104	91	0	17	LastDelay	0.23104	231040	1	8
2.03104	91	0	17	FullDelay	0.23104	231040	1	8
2.0444	58	0	18	LastDelay	0.1444	144400	1	5
2.0444	58	0	18	FullDelay	0.1444	144400	1	5
2.05776	97	0	19	LastDelay	0.05776	57760	1	2
2.05776	97	0	19	FullDelay	0.05776	57760	1	2
2.06634	88	0	19	LastDelay	0.066336	66336	1	2
2.06634	88	0	19	FullDelay	0.066336	66336	1	2
2.08664	0	0	19	LastDelay	0.08664	86640	1	3
2.08664	0	0	19	FullDelay	0.08664	86640	1	3
2.10216	82	0	18	LastDelay	0.20216	202160	1	7
2.10216	82	0	18	FullDelay	0.20216	202160	1	7
2.11552	52	0	19	LastDelay	0.11552	115520	1	4
2.11552	52	0	19	FullDelay	0.11552	115520	1	4
2.11552	5	0	19	LastDelay	0.11552	115520	1	4
2.11552	5	0	19	FullDelay	0.11552	115520	1	4
2.11552	16	0	19	LastDelay	0.11552	115520	1	4
2.11552	16	0	19	FullDelay	0.11552	115520	1	4
2.12888	11	0	20	LastDelay	0.02888	28880	1	1
2.12888	11	0	20	FullDelay	0.02888	28880	1	1
2.13104	91	0	18	LastDelay	0.23104	231040	1	8
2.13104	91	0	18	FullDelay	0.23104	231040	1	8
2.1444	58	0	19	LastDelay	0.1444	144400	1	5
2.1444	58	0	19	FullDelay	0.1444	144400	1	5
2.15776	97	0	20	LastDelay	0.05776	57760	1	2
2.15776	97	0	20	FullDelay	0.05776	57760	1	2
2.16634	88	0	20	LastDelay	0.066336	66336	1	2
2.16634	88	0	20	FullDelay	0.066336	66336	1	2
2.18664	0	0	20	LastDelay	0.08664	86640	1	3
2.18664	0	0	20	FullDelay	0.08664	86640	1	3
2.20216	82	0	19	LastDelay	0.20216	202160	1	7
2.20216	82	0	19	FullDelay	0.20216	202160	1	7
2.21552	52	0	20	LastDelay	0.11552	115520	1	4
2.21552	52	0	20	FullDelay	0.11552	115520	1	4
2.21552	5	0	20	LastDelay	0.11552	115520	1	4
2.21552	5	0	20	FullDelay	0.11552	115520	1	4
2.21552	16	0	20	LastDelay	0.11552	115520	1	4
2.21552	16	0	20	FullDelay	0.11552	115520	1	4
2.22888	11	0	21	LastDelay	0.02888	28880	1	1
2.22888	11	0	21	FullDelay	0.02888	28880	1	1
2.23104	91	0	19	LastDelay	0.23104	231040	1	8
2.23104	91	0	19	FullDelay	0.23104	231040	1	8
2.2444	58	0	20	LastDelay	0.1444	144400	1	5
2.2444	58	0	20	FullDelay	0.1444	144400	1	5
2.25776	97	0	21	LastDelay	0.05776	57760	1	2
2.25776	97	0	21	FullDelay	0.05776	57760	1	2
2.26634	88	0	21	LastDelay	0.066336	66336	1	2
2.26634	88	0	21	FullDelay	0.066336	66336	1	2
2.28664	0	0	21	LastDelay	0.08664	86640	1	3
2.28664	0	0	21	FullDelay	0.08664	86640	1	3
2.30216	82	0	20	LastDelay	0.20216	202160	1	7
2.30216	82	0	20	FullDelay	0.20216	202160	1	7
2.31552	52	0	21	LastDelay	0.11552	115520	1	4
2.31552	52	0	21	FullDelay	0.11552	115520	1	4
2.31552	5	0	21	LastDelay	0.11552	115520	1	4
2.31552	5	0	21	FullDelay	0.11552	115520	1	4
2.31552	16	0	21	LastDelay	0.11552	115520	1	4
2.31552	16	0	21	FullDelay	0.11552	115520	1	4
2.32888	11	0	22	LastDelay	0.02888	28880	1	1
2.32888	11	0	22	FullDelay	0.02888	28880	1	1
2.33104	91	0	20	LastDelay	0.23104	231040	1	8
2.33104	91	0	20	FullDelay	0.23104	231040	1	8
2.3444	58	0	21	LastDelay	0.1444	144400	1	5
2.3444	58	0	21	FullDelay	0.1444	144400	1	5
2.35776	97	0	22	LastDelay	0.05776	57760	1	2
2.35776	97	0	22	FullDelay	0.05776	57760	1	2
2.36634	88	0	22	LastDelay	0.066336	66336	1	2
2.36634	88	0	22	FullDelay	0.066336	66336	1	2
2.38664	0	0	22	LastDelay	0.08664	86640	1	3
2.38664	0	0	22	FullDelay	0.08664	86640	1	3
2.40216	82	0	21	LastDelay	0.20216	202160	1	7
2.40216	82	0	21	FullDelay	0.20216	202160	1	7
2.41552	52	0	22	LastDelay	0.11552	115520	1	4
2.41552	52	0	22	FullDelay	0.11552	115520	1	4
2.41552	5	0	22	LastDelay	0.11552	115520	1	4
2.41552	5	0	22	FullDelay	0.11552	115520	1	4
2.41552	16	0	22	LastDelay	0.11552	115520	1	4
2.41552	16	0	22	FullDelay	0.11552	115520	1	4
2.42888	11	0	23	LastDelay	0.02888	28880	1	1
2.42888	11	0	23	FullDelay	0.02888	28880	1	1
2.43104	91	0	21	LastDelay	0.23104	231040	1	8
2.43104	91	0	21	FullDelay	0.23104	231040	1	8
2.4444	58	0	22	LastDelay	0.1444	144400	1	5
2.4444	58	0	22	FullDelay	0.1444	144400	1	5
2.45776	97	0	23	LastDelay	0.05776	57760	1	2
2.45776	97	0	23	FullDelay	0.05776	57760	1	2
2.46634	88	0	23	LastDelay	0.066336	66336	1	2
2.46634	88	0	23	FullDelay	0.066336	66336	1	2
2.48664	0	0	23	LastDelay	0.08664	86640	1	3
2.48664	0	0	23	FullDelay	0.08664	86640	1	3
2.50216	82	0	22	LastDelay	0.20216	202160	1	7
2.50216	82	0	22	FullDelay	0.20216	202160	1	7
2.51552	52	0	23	LastDelay	0.11552	115520	1	4
2.51552	52	0	23	FullDelay	0.11552	115520	1	4
2.51552	5	0	23	LastDelay	0.11552	115520	1	4
2.51552	5	0	23	FullDelay	0.11552	115520	1	4
2.51552	16	0	23	LastDelay	0.11552	115520	1	4
2.51552	16	0	23	FullDelay	0.11552	115520	1	4
2.52888	11	0	24	LastDelay	0.02888	28880	1	1
2.52888	11	0	24	FullDelay	0.02888	28880	1	1
2.53104	91	0	22	LastDelay	0.23104	231040	1	8
2.53104	91	0	22	FullDelay	0.23104	231040	1	8
2.5444	58	0	23	LastDelay	0.1444	144400	1	5
2.5444	58	0	23	FullDelay	0.1444	144400	1	5
2.55776	97	0	24	LastDelay	0.05776	57760	1	2
2.55776	97	0	24	FullDelay	0.05776	57760	1	2
2.56634	88	0	24	LastDelay	0.066336	66336	1	2
2.56634	88	0	24	FullDelay	0.066336	66336	1	2
2.58664	0	0	24	LastDelay	0.08664	86640	1	3
2.58664	0	0	24	FullDelay	0.08664	86640	1	3
2.60216	82	0	23	LastDelay	0.20216	202160	1	7
2.60216	82	0	23	FullDelay	0.20216	202160	1	7
2.61552	52	0	24	LastDelay	0.11552	115520	1	4
2.61552	52	0	24	FullDelay	0.11552	115520	1	4
2.61552	5	0	24	LastDelay	0.11552	115520	1	4
2.61552	5	0	24	FullDelay	0.11552	115520	1	4
2.61552	16	0	24	LastDelay	0.11552	115520	1	4
2.61552	16	0	24	FullDelay	0.11552	115520	1	4
2.62888	11	0	25	LastDelay	0.02888	28880	1	1
2.62888	11	0	25	FullDelay	0.02888	28880	1	1
2.63104	91	0	23	LastDelay	0.23104	231040	1	8
2.63104	91	0	23	FullDelay	0.23104	231040	1	8
2.6444	58	0	24	LastDelay	0.1444	144400	1	5
2.6444	58	0	24	FullDelay	0.1444	144400	1	5
2.65776	97	0	25	LastDelay	0.05776	57760	1	2
2.65776	97	0	25	FullDelay	0.05776	57760	1	2
2.66634	88	0	25	LastDelay	0.066336	66336	1	2
2.66634	88	0	25	FullDelay	0.066336	66336	1	2
2.68664	0	0	25	LastDelay	0.08664	86640	1	3
2.68664	0	0	25	FullDelay	0.08664	86640	1	3
2.70216	82	0	24	LastDelay	0.20216	202160	1	7
2.70216	82	0	24	FullDelay	0.20216	202160	1	7
2.71552	52	0	25	LastDelay	0.11552	115520	1	4
2.71552	52	0	25	FullDelay	0.11552	115520	1	4
2.71552	5	0	25	LastDelay	0.11552	115520	1	4
2.71552	5	0	25	FullDelay	0.11552	115520	1	4
2.71552	16	0	25	LastDelay	0.11552	115520	1	4
2.71552	16	0	25	FullDelay	0.11552	115520	1	4
2.72888	11	0	26	LastDelay	0.02888	28880	1	1
2.72888	11	0	26	FullDelay	0.02888	28880	1	1
2.73104	91	0	24	LastDelay	0.23104	231040	1	8
2.73104	91	0	24	FullDelay	0.23104	231040	1	8
2.7444	58	0	25	LastDelay	0.1444	144400	1	5
2.7444	58	0	25	FullDelay	0.1444	144400	1	5
2.75776	97	0	26	LastDelay	0.05776	57760	1	2
2.75776	97	0	26	FullDelay	0.05776	57760	1	2
2.76634	88	0	26	LastDelay	0.066336	66336	1	2
2.76634	88	0	26	FullDelay	0.066336	66336	1	2
2.78664	0	0	26	LastDelay	0.08664	86640	1	3
2.78664	0	0	26	FullDelay	0.08664	86640	1	3
2.80216	82	0	25	LastDelay	0.20216	202160	1	7
2.80216	82	0	25	FullDelay	0.20216	202160	1	7
2.81552	52	0	26	LastDelay	0.11552	115520	1	4
2.81552	52	0	26	FullDelay	0.11552	115520	1	4
2.81552	5	0	26	LastDelay	0.11552	115520	1	4
2.81552	5	0	26	FullDelay	0.11552	115520	1	4
2.81552	16	0	26	LastDelay	0.11552	115520	1	4
2.81552	16	0	26	FullDelay	0.11552	115520	1	4
2.82888	11	0	27	LastDelay	0.02888	28880	1	1
2.82888	11	0	27	FullDelay	0.02888	28880	1	1
2.83104	91	0	25	LastDelay	0.23104	231040	1	8
2.83104	91	0	25	FullDelay	0.23104	231040	1	8
2.8444	58	0	26	LastDelay	0.1444	144400	1	5
2.8444	58	0	26	FullDelay	0.1444	144400	1	5
2.85776	97	0	27	LastDelay	0.05776	57760	1	2
2.85776	97	0	27	FullDelay	0.05776	57760	1	2
2.86634	88	0	27	LastDelay	0.066336	66336	1	2
2.86634	88	0	27	FullDelay	0.066336	66336	1	2
2.88664	0	0	27	LastDelay	0.08664	86640	1	3
2.88664	0	0	27	FullDelay	0.08664	86640	1	3
2.90216	82	0	26	LastDelay	0.20216	202160	1	7
2.90216	82	0	26	FullDelay	0.20216	202160	1	7
2.91552	52	0	27	LastDelay	0.11552	115520	1	4
2.91552	52	0	27	FullDelay	0.11552	115520	1	4
2.91552	5	0	27	LastDelay	0.11552	115520	1	4
2.91552	5	0	27	FullDelay	0.11552	115520	1	4
2.91552	16	0	27	LastDelay	0.11552	115520	1	4
2.91552	16	0	27	FullDelay	0.11552	115520	1	4
2.92888	11	0	28	LastDelay	0.02888	28880	1	1
2.92888	11	0	28	FullDelay	0.02888	28880	1	1
2.93104	91	0	26	LastDelay	0.23104	231040	1	8
2.93104	91	0	26	FullDelay	0.23104	231040	1	8
2.9444	58	0	27	LastDelay	0.1444	144400	1	5
2.9444	58	0	27	FullDelay	0.1444	144400	1	5
2.95776	97	0	28	LastDelay	0.05776	57760	1	2
2.95776	97	0	28	FullDelay	0.05776	57760	1	2
2.96634	88	0	28	LastDelay	0.066336	66336	1	2
2.96634	88	0	28	FullDelay	0.066336	66336	1	2
2.98664	0	0	28	LastDelay	0.08664	86640	1	3
2.98664	0	0	28	FullDelay	0.08664	86640	1	3
3.00216	82	0	27	LastDelay	0.20216	202160	1	7
3.00216	82	0	27	FullDelay	0.20216	202160	1	7
3.01552	52	0	28	LastDelay	0.11552	115520	1	4
3.01552	52	0	28	FullDelay	0.11552	115520	1	4
3.01552	5	0	28	LastDelay	0.11552	115520	1	4
3.01552	5	0	28	FullDelay	0.11552	115520	1	4
3.01552	16	0	28	LastDelay	0.11552	115520	1	4
3.01552	16	0	28	FullDelay	0.11552	115520	1	4
3.02888	11	0	29	LastDelay	0.02888	28880	1	1
3.02888	11	0	29	FullDelay	0.02888	28880	1	1
3.03104	91	0	27	LastDelay	0.23104	231040	1	8
3.03104	91	0	27	FullDelay	0.23104	231040	1	8
3.0444	58	0	28	LastDelay	0.1444	144400	1	5
3.0444	58	0	28	FullDelay	0.1444	144400	1	5
3.05776	97	0	29	LastDelay	0.05776	57760	1	2
3.05776	97	0	29	FullDelay	0.05776	57760	1	2
3.06634	88	0	29	LastDelay	0.066336	66336	1	2
3.06634	88	0	29	FullDelay	0.066336	66336	1	2
3.08664	0	0	29	LastDelay	0.08664	86640	1	3
3.08664	0	0	29	FullDelay	0.08664	86640	1	3
3.10216	82	0	28	LastDelay	0.20216	202160	1	7
3.10216	82	0	28	FullDelay	0.20216	202160	1	7
3.11552	52	0	29	LastDelay	0.11552	115520	1	4
3.11552	52	0	29	FullDelay	0.11552	115520	1	4
3.11552	5	0	29	LastDelay	0.11552	115520	1	4
3.11552	5	0	29	FullDelay	0.11552	115520	1	4
3.11552	16	0	29	LastDelay	0.11552	115520	1	4
3.11552	16	0	29	FullDelay	0.11552	115520	1	4
3.12888	11	0	30	LastDelay	0.02888	28880	1	1
3.12888	11	0	30	FullDelay	0.02888	28880	1	1
3.13104	91	0	28	LastDelay	0.23104	231040	1	8
3.13104	91	0	28	FullDelay	0.23104	231040	1	8
3.1444	58	0	29	LastDelay	0.1444	144400	1	5
3.1444	58	0	29	FullDelay	0.1444	144400	1	5
3.15776	97	0	30	LastDelay	0.05776	57760	1	2
3.15776	97	0	30	FullDelay	0.05776	57760	1	2
3.16634	88	0	30	LastDelay	0.066336	66336	1	2
3.16634	88	0	30	FullDelay	0.066336	66336	1	2
3.18664	0	0	30	LastDelay	0.08664	86640	1	3
3.18664	0	0	30	FullDelay	0.08664	86640	1	3
3.20216	82	0	29	LastDelay	0.20216	202160	1	7
3.20216	82	0	29	FullDelay	0.20216	202160	1	7
3.21552	52	0	30	LastDelay	0.11552	115520	1	4
3.21552	52	0	30	FullDelay	0.11552	115520	1	4
3.21552	5	0	30	LastDelay	0.11552	115520	1	4
3.21552	5	0	30	FullDelay	0.11552	115520	1	4
3.21552	16	0	30	LastDelay	0.11552	115520	1	4
3.21552	16	0	30	FullDelay	0.11552	115520	1	4
3.22888	11	0	31	LastDelay	0.02888	28880	1	1
3.22888	11	0	31	FullDelay	0.02888	28880	1	1
3.23104	91	0	29	LastDelay	0.23104	231040	1	8
3.23104	91	0	29	FullDelay	0.23104	231040	1	8
3.2444	58	0	30	LastDelay	0.1444	144400	1	5
3.2444	58	0	30	FullDelay	0.1444	144400	1	5
3.25776	97	0	31	LastDelay	0.05776	57760	1	2
3.25776	97	0	31	FullDelay	0.05776	57760	1	2
3.26634	88	0	31	LastDelay	0.066336	66336	1	2
3.26634	88	0	31	FullDelay	0.066336	66336	1	2
3.28664	0	0	31	LastDelay	0.08664	86640	1	3
3.28664	0	0	31	FullDelay	0.08664	86640	1	3
3.30216	82	0	30	LastDelay	0.20216	202160	1	7
3.30216	82	0	30	FullDelay	0.20216	202160	1	7
3.31552	52	0	31	LastDelay	0.11552	115520	1	4
3.31552	52	0	31	FullDelay	0.11552	115520	1	4
3.31552	5	0	31	LastDelay	0.11552	115520	1	4
3.31552	5	0	31	FullDelay	0.11552	115520	1	4
3.31552	16	0	31	LastDelay	0.11552	115520	1	4
3.31552	16	0	31	FullDelay	0.11552	115520	1	4
3.32888	11	0	32	LastDelay	0.02888	28880	1	1
3.32888	11	0	32	FullDelay	0.02888	28880	1	1
3.33104	91	0	30	LastDelay	0.23104	231040	1	8
3.33104	91	0	30	FullDelay	0.23104	231040	1	8
3.3444	58	0	31	LastDelay	0.1444	144400	1	5
3.3444	58	0	31	FullDelay	0.1444	144400	1	5
3.35776	97	0	32	LastDelay	0.05776	57760	1	2
3.35776	97	0	32	FullDelay	0.05776	57760	1	2
3.36634	88	0	32	LastDelay	0.066336	66336	1	2
3.36634	88	0	32	FullDelay	0.066336	66336	1	2
3.38664	0	0	32	LastDelay	0.08664	86640	1	3
3.38664	0	0	32	FullDelay	0.08664	86640	1	3
3.40216	82	0	31	LastDelay	0.20216	202160	1	7
3.40216	82	0	31	FullDelay	0.20216	202160	1	7
3.41552	52	0	32	LastDelay	0.11552	115520	1	4
3.41552	52	0	32	FullDelay	0.11552	115520	1	4
3.41552	5	0	32	LastDelay	0.11552	115520	1	4
3.41552	5	0	32	FullDelay	0.11552	115520	1	4
3.41552	16	0	32	LastDelay	0.11552	115520	1	4
3.41552	16	0	32	FullDelay	0.11552	115520	1	4
3.42888	11	0	33	LastDelay	0.02888	28880	1	1
3.42888	11	0	33	FullDelay	0.02888	28880	1	1
3.43104	91	0	31	LastDelay	0.23104	231040	1	8
3.43104	91	0	31	FullDelay	0.23104	231040	1	8
3.4444	58	0	32	LastDelay	0.1444	144400	1	5
3.4444	58	0	32	FullDelay	0.1444	144400	1	5
3.45776	97	0	33	LastDelay	0.05776	57760	1	2
3.45776	97	0	33	FullDelay	0.05776	57760	1	2
3.46634	88	0	33	LastDelay	0.066336	66336	1	2
3.46634	88	0	33	FullDelay	0.066336	66336	1	2
3.48664	0	0	33	LastDelay	0.08664	86640	1	3
3.48664	0	0	33	FullDelay	0.08664	86640	1	3
3.50216	82	0	32	LastDelay	0.20216	202160	1	7
3.50216	82	0	32	FullDelay	0.20216	202160	1	7
3.51552	52	0	33	LastDelay	0.11552	115520	1	4
3.51552	52	0	33	FullDelay	0.11552	115520	1	4
3.51552	5	0	33	LastDelay	0.11552	115520	1	4
3.51552	5	0	33	FullDelay	0.11552	115520	1	4
3.51552	16	0	33	LastDelay	0.11552	115520	1	4
3.51552	16	0	33	FullDelay	0.11552	115520	1	4
3.52888	11	0	34	LastDelay	0.02888	28880	1	1
3.52888	11	0	34	FullDelay	0.02888	28880	1	1
3.53104	91	0	32	LastDelay	0.23104	231040	1	8
3.53104	91	0	32	FullDelay	0.23104	231040	1	8
3.5444	58	0	33	LastDelay	0.1444	144400	1	5
3.5444	58	0	33	FullDelay	0.1444	144400	1	5
3.55776	97	0	34	LastDelay	0.05776	57760	1	2
3.55776	97	0	34	FullDelay	0.05776	57760	1	2
3.56634	88	0	34	LastDelay	0.066336	66336	1	2
3.56634	88	0	34	FullDelay	0.066336	66336	1	2
3.58664	0	0	34	LastDelay	0.08664	86640	1	3
3.58664	0	0	34	FullDelay	0.08664	86640	1	3
3.60216	82	0	33	LastDelay	0.20216	202160	1	7
3.60216	82	0	33	FullDelay	0.20216	202160	1	7
3.61552	52	0	34	LastDelay	0.11552	115520	1	4
3.61552	52	0	34	FullDelay	0.11552	115520	1	4
3.61552	5	0	34	LastDelay	0.11552	115520	1	4
3.61552	5	0	34	FullDelay	0.11552	115520	1	4
3.61552	16	0	34	LastDelay	0.11552	115520	1	4
3.61552	16	0	34	FullDelay	0.11552	115520	1	4
3.62888	11	0	35	LastDelay	0.02888	28880	1	1
3.62888	11	0	35	FullDelay	0.02888	28880	1	1
3.63104	91	0	33	LastDelay	0.23104	231040	1	8
3.63104	91	0	33	FullDelay	0.23104	231040	1	8
3.6444	58	0	34	LastDelay	0.1444	144400	1	5
3.6444	58	0	34	FullDelay	0.1444	144400	1	5
3.65776	97	0	35	LastDelay	0.05776	57760	1	2
3.65776	97	0	35	FullDelay	0.05776	57760	1	2
3.66634	88	0	35	LastDelay	0.066336	66336	1	2
3.66634	88	0	35	FullDelay	0.066336	66336	1	2
3.68664	0	0	35	LastDelay	0.08664	86640	1	3
3.68664	0	0	35	FullDelay	0.08664	86640	1	3
3.70216	82	0	34	LastDelay	0.20216	202160	1	7
3.70216	82	0	34	FullDelay	0.20216	202160	1	7
3.71552	52	0	35	LastDelay	0.11552	115520	1	4
3.71552	52	0	35	FullDelay	0.11552	115520	1	4
3.71552	5	0	35	LastDelay	0.11552	115520	1	4
3.71552	5	0	35	FullDelay	0.11552	115520	1	4
3.71552	16	0	35	LastDelay	0.11552	115520	1	4
3.71552	16	0	35	FullDelay	0.11552	115520	1	4
3.72888	11	0	36	LastDelay	0.02888	28880	1	1
3.72888	11	0	36	FullDelay	0.02888	28880	1	1
3.73104	91	0	34	LastDelay	0.23104	231040	1	8
3.73104	91	0	34	FullDelay	0.23104	231040	1	8
3.7444	58	0	35	LastDelay	0.1444	144400	1	5
3.7444	58	0	35	FullDelay	0.1444	144400	1	5
3.75776	97	0	36	LastDelay	0.05776	57760	1	2
3.75776	97	0	36	FullDelay	0.05776	57760	1	2
3.76634	88	0	36	LastDelay	0.066336	66336	1	2
3.76634	88	0	36	FullDelay	0.066336	66336	1	2
3.78664	0	0	36	LastDelay	0.08664	86640	1	3
3.78664	0	0	36	FullDelay	0.08664	86640	1	3
3.80216	82	0	35	LastDelay	0.20216	202160	1	7
3.80216	82	0	35	FullDelay	0.20216	202160	1	7
3.81552	52	0	36	LastDelay	0.11552	115520	1	4
3.81552	52	0	36	FullDelay	0.11552	115520	1	4
3.81552	5	0	36	LastDelay	0.11552	115520	1	4
3.81552	5	0	36	FullDelay	0.11552	115520	1	4
3.81552	16	0	36	LastDelay	0.11552	115520	1	4
3.81552	16	0	36	FullDelay	0.11552	115520	1	4
3.82888	11	0	37	LastDelay	0.02888	28880	1	1
3.82888	11	0	37	FullDelay	0.02888	28880	1	1
3.83104	91	0	35	LastDelay	0.23104	231040	1	8
3.83104	91	0	35	FullDelay	0.23104	231040	1	8
3.8444	58	0	36	LastDelay	0.1444	144400	1	5
3.8444	58	0	36	FullDelay	0.1444	144400	1	5
3.85776	97	0	37	LastDelay	0.05776	57760	1	2
3.85776	97	0	37	FullDelay	0.05776	57760	1	2
3.86634	88	0	37	LastDelay	0.066336	66336	1	2
3.86634	88	0	37	FullDelay	0.066336	66336	1	2
3.88664	0	0	37	LastDelay	0.08664	86640	1	3
3.88664	0	0	37	FullDelay	0.08664	86640	1	3
3.90216	82	0	36	LastDelay	0.20216	202160	1	7
3.90216	82	0	36	FullDelay	0.20216	202160	1	7
3.91552	52	0	37	LastDelay	0.11552	115520	1	4
3.91552	52	0	37	FullDelay	0.11552	115520	1	4
3.91552	5	0	37	LastDelay	0.11552	115520	1	4
3.91552	5	0	37	FullDelay	0.11552	115520	1	4
3.91552	16	0	37	LastDelay	0.11552	115520	1	4
3.91552	16	0	37	FullDelay	0.11552	115520	1	4
3.92888	11	0	38	LastDelay	0.02888	28880	1	1
3.92888	11	0	38	FullDelay	0.02888	28880	1	1
3.93104	91	0	36	LastDelay	0.23104	231040	1	8
3.93104	91	0	36	FullDelay	0.23104	231040	1	8
3.9444	58	0	37	LastDelay	0.1444	144400	1	5
3.9444	58	0	37	FullDelay	0.1444	144400	1	5
3.95776	97	0	38	LastDelay	0.05776	57760	1	2
3.95776	97	0	38	FullDelay	0.05776	57760	1	2
3.96634	88	0	38	LastDelay	0.066336	66336	1	2
3.96634	88	0	38	FullDelay	0.066336	66336	1	2
3.98664	0	0	38	LastDelay	0.08664	86640	1	3
3.98664	0	0	38	FullDelay	0.08664	86640	1	3
4.00216	82	0	37	LastDelay	0.20216	202160	1	7
4.00216	82	0	37	FullDelay	0.20216	202160	1	7
4.01552	52	0	38	LastDelay	0.11552	115520	1	4
4.01552	52	0	38	FullDelay	0.11552	115520	1	4
4.01552	5	0	38	LastDelay	0.11552	115520	1	4
4.01552	5	0	38	FullDelay	0.11552	115520	1	4
4.01552	16	0	38	LastDelay	0.11552	115520	1	4
4.01552	16	0	38	FullDelay	0.11552	115520	1	4
4.02888	11	0	39	LastDelay	0.02888	28880	1	1
4.02888	11	0	39	FullDelay	0.02888	28880	1	1
4.03104	91	0	37	LastDelay	0.23104	231040	1	8
4.03104	91	0	37	FullDelay	0.23104	231040	1	8
4.0444	58	0	38	LastDelay	0.1444	144400	1	5
4.0444	58	0	38	FullDelay	0.1444	144400	1	5
4.05776	97	0	39	LastDelay	0.05776	57760	1	2
4.05776	97	0	39	FullDelay	0.05776	57760	1	2
4.06634	88	0	39	LastDelay	0.066336	66336	1	2
4.06634	88	0	39	FullDelay	0.066336	66336	1	2
4.08664	0	0	39	LastDelay	0.08664	86640	1	3
4.08664	0	0	39	FullDelay	0.08664	86640	1	3
4.10216	82	0	38	LastDelay	0.20216	202160	1	7
4.10216	82	0	38	FullDelay	0.20216	202160	1	7
4.11552	52	0	39	LastDelay	0.11552	115520	1	4
4.11552	52	0	39	FullDelay	0.11552	115520	1	4
4.11552	5	0	39	LastDelay	0.11552	115520	1	4
4.11552	5	0	39	FullDelay	0.11552	115520	1	4
4.11552	16	0	39	LastDelay	0.11552	115520	1	4
4.11552	16	0	39	FullDelay	0.11552	115520	1	4
4.12888	11	0	40	LastDelay	0.02888	28880	1	1
4.12888	11	0	40	FullDelay	0.02888	28880	1	1
4.13104	91	0	38	LastDelay	0.23104	231040	1	8
4.13104	91	0	38	FullDelay	0.23104	231040	1	8
4.1444	58	0	39	LastDelay	0.1444	144400	1	5
4.1444	58	0	39	FullDelay	0.1444	144400	1	5
4.15776	97	0	40	LastDelay	0.05776	57760	1	2
4.15776	97	0	40	FullDelay	0.05776	57760	1	2
4.16634	88	0	40	LastDelay	0.066336	66336	1	2
4.16634	88	0	40	FullDelay	0.066336	66336	1	2
4.18664	0	0	40	LastDelay	0.08664	86640	1	3
4.18664	0	0	40	FullDelay	0.08664	86640	1	3
4.20216	82	0	39	LastDelay	0.20216	202160	1	7
4.20216	82	0	39	FullDelay	0.20216	202160	1	7
4.21552	52	0	40	LastDelay	0.11552	115520	1	4
4.21552	52	0	40	FullDelay	0.11552	115520	1	4
4.21552	5	0	40	LastDelay	0.11552	115520	1	4
4.21552	5	0	40	FullDelay	0.11552	115520	1	4
4.21552	16	0	40	LastDelay	0.11552	115520	1	4
4.21552	16	0	40	FullDelay	0.11552	115520	1	4
4.22888	11	0	41	LastDelay	0.02888	28880	1	1
4.22888	11	0	41	FullDelay	0.02888	28880	1	1
4.23104	91	0	39	LastDelay	0.23104	231040	1	8
4.23104	91	0	39	FullDelay	0.23104	231040	1	8
4.2444	58	0	40	LastDelay	0.1444	144400	1	5
4.2444	58	0	40	FullDelay	0.1444	144400	1	5
4.25776	97	0	41	LastDelay	0.05776	57760	1	2
4.25776	97	0	41	FullDelay	0.05776	57760	1	2
4.26634	88	0	41	LastDelay	0.066336	66336	1	2
4.26634	88	0	41	FullDelay	0.066336	66336	1	2
4.28664	0	0	41	LastDelay	0.08664	86640	1	3
4.28664	0	0	41	FullDelay	0.08664	86640	1	3
4.30216	82	0	40	LastDelay	0.20216	202160	1	7
4.30216	82	0	40	FullDelay	0.20216	202160	1	7
4.31552	52	0	41	LastDelay	0.11552	115520	1	4
4.31552	52	0	41	FullDelay	0.11552	115520	1	4
4.31552	5	0	41	LastDelay	0.11552	115520	1	4
4.31552	5	0	41	FullDelay	0.11552	115520	1	4
4.31552	16	0	41	LastDelay	0.11552	115520	1	4
4.31552	16	0	41	FullDelay	0.11552	115520	1	4
4.32888	11	0	42	LastDelay	0.02888	28880	1	1
4.32888	11	0	42	FullDelay	0.02888	28880	1	1
4.33104	91	0	40	LastDelay	0.23104	231040	1	8
4.33104	91	0	40	FullDelay	0.23104	231040	1	8
4.3444	58	0	41	LastDelay	0.1444	144400	1	5
4.3444	58	0	41	FullDelay	0.1444	144400	1	5
4.35776	97	0	42	LastDelay	0.05776	57760	1	2
4.35776	97	0	42	FullDelay	0.05776	57760	1	2
4.36634	88	0	42	LastDelay	0.066336	66336	1	2
4.36634	88	0	42	FullDelay	0.066336	66336	1	2
4.38664	0	0	42	LastDelay	0.08664	86640	1	3
4.38664	0	0	42	FullDelay	0.08664	86640	1	3
4.40216	82	0	41	LastDelay	0.20216	202160	1	7
4.40216	82	0	41	FullDelay	0.20216	202160	1	7
4.41552	52	0	42	LastDelay	0.11552	115520	1	4
4.41552	52	0	42	FullDelay	0.11552	115520	1	4
4.41552	5	0	42	LastDelay	0.11552	115520	1	4
4.41552	5	0	42	FullDelay	0.11552	115520	1	4
4.41552	16	0	42	LastDelay	0.11552	115520	1	4
4.41552	16	0	42	FullDelay	0.11552	115520	1	4
4.42888	11	0	43	LastDelay	0.02888	28880	1	1
4.42888	11	0	43	FullDelay	0.02888	28880	1	1
4.43104	91	0	41	LastDelay	0.23104	231040	1	8
4.43104	91	0	41	FullDelay	0.23104	231040	1	8
4.4444	58	0	42	LastDelay	0.1444	144400	1	5
4.4444	58	0	42	FullDelay	0.1444	144400	1	5
4.45776	97	0	43	LastDelay	0.05776	57760	1	2
4.45776	97	0	43	FullDelay	0.05776	57760	1	2
4.46634	88	0	43	LastDelay	0.066336	66336	1	2
4.46634	88	0	43	FullDelay	0.066336	66336	1	2
4.48664	0	0	43	LastDelay	0.08664	86640	1	3
4.48664	0	0	43	FullDelay	0.08664	86640	1	3
4.50216	82	0	42	LastDelay	0.20216	202160	1	7
4.50216	82	0	42	FullDelay	0.20216	202160	1	7
4.51552	52	0	43	LastDelay	0.11552	115520	1	4
4.51552	52	0	43	FullDelay	0.11552	115520	1	4
4.51552	5	0	43	LastDelay	0.11552	115520	1	4
4.51552	5	0	43	FullDelay	0.11552	115520	1	4
4.51552	16	0	43	LastDelay	0.11552	115520	1	4
4.51552	16	0	43	FullDelay	0.11552	115520	1	4
4.52888	11	0	44	LastDelay	0.02888	28880	1	1
4.52888	11	0	44	FullDelay	0.02888	28880	1	1
4.53104	91	0	42	LastDelay	0.23104	231040	1	8
4.53104	91	0	42	FullDelay	0.23104	231040	1	8
4.5444	58	0	43	LastDelay	0.1444	144400	1	5
4.5444	58	0	43	FullDelay	0.1444	144400	1	5
4.55776	97	0	44	LastDelay	0.05776	57760	1	2
4.55776	97	0	44	FullDelay	0.05776	57760	1	2
4.56634	88	0	44	LastDelay	0.066336	66336	1	2
4.56634	88	0	44	FullDelay	0.066336	66336	1	2
4.58664	0	0	44	LastDelay	0.08664	86640	1	3
4.58664	0	0	44	FullDelay	0.08664	86640	1	3
4.60216	82	0	43	LastDelay	0.20216	202160	1	7
4.60216	82	0	43	FullDelay	0.20216	202160	1	7
4.61552	52	0	44	LastDelay	0.11552	115520	1	4
4.61552	52	0	44	FullDelay	0.11552	115520	1	4
4.61552	5	0	44	LastDelay	0.11552	115520	1	4
4.61552	5	0	44	FullDelay	0.11552	115520	1	4
4.61552	16	0	44	LastDelay	0.11552	115520	1	4
4.61552	16	0	44	FullDelay	0.11552	115520	1	4
4.62888	11	0	45	LastDelay	0.02888	28880	1	1
4.62888	11	0	45	FullDelay	0.02888	28880	1	1
4.63104	91	0	43	LastDelay	0.23104	231040	1	8
4.63104	91	0	43	FullDelay	0.23104	231040	1	8
4.6444	58	0	44	LastDelay	0.1444	144400	1	5
4.6444	58	0	44	FullDelay	0.1444	144400	1	5
4.65776	97	0	45	LastDelay	0.05776	57760	1	2
4.65776	97	0	45	FullDelay	0.05776	57760	1	2
4.66634	88	0	45	LastDelay	0.066336	66336	1	2
4.66634	88	0	45	FullDelay	0.066336	66336	1	2
4.68664	0	0	45	LastDelay	0.08664	86640	1	3
4.68664	0	0	45	FullDelay	0.08664	86640	1	3
4.70216	82	0	44	LastDelay	0.20216	202160	1	7
4.70216	82	0	44	FullDelay	0.20216	202160	1	7
4.71552	52	0	45	LastDelay	0.11552	115520	1	4
4.71552	52	0	45	FullDelay	0.11552	115520	1	4
4.71552	5	0	45	LastDelay	0.11552	115520	1	4
4.71552	5	0	45	FullDelay	0.11552	115520	1	4
4.71552	16	0	45	LastDelay	0.11552	115520	1	4
4.71552	16	0	45	FullDelay	0.11552	115520	1	4
4.72888	11	0	46	LastDelay	0.02888	28880	1	1
4.72888	11	0	46	FullDelay	0.02888	28880	1	1
4.73104	91	0	44	LastDelay	0.23104	231040	1	8
4.73104	91	0	44	FullDelay	0.23104	231040	1	8
4.7444	58	0	45	LastDelay	0.1444	144400	1	5
4.7444	58	0	45	FullDelay	0.1444	144400	1	5
4.75776	97	0	46	LastDelay	0.05776	57760	1	2
4.75776	97	0	46	FullDelay	0.05776	57760	1	2
4.76634	88	0	46	LastDelay	0.066336	66336	1	2
4.76634	88	0	46	FullDelay	0.066336	66336	1	2
4.78664	0	0	46	LastDelay	0.08664	86640	1	3
4.78664	0	0	46	FullDelay	0.08664	86640	1	3
4.80216	82	0	45	LastDelay	0.20216	202160	1	7
4.80216	82	0	45	FullDelay	0.20216	202160	1	7
4.81552	52	0	46	LastDelay	0.11552	115520	1	4
4.81552	52	0	46	FullDelay	0.11552	115520	1	4
4.81552	5	0	46	LastDelay	0.11552	115520	1	4
4.81552	5	0	46	FullDelay	0.11552	115520	1	4
4.81552	16	0	46	LastDelay	0.11552	115520	1	4
4.81552	16	0	46	FullDelay	0.11552	115520	1	4
4.82888	11	0	47	LastDelay	0.02888	28880	1	1
4.82888	11	0	47	FullDelay	0.02888	28880	1	1
4.83104	91	0	45	LastDelay	0.23104	231040	1	8
4.83104	91	0	45	FullDelay	0.23104	231040	1	8
4.8444	58	0	46	LastDelay	0.1444	144400	1	5
4.8444	58	0	46	FullDelay	0.1444	144400	1	5
4.85776	97	0	47	LastDelay	0.05776	57760	1	2
4.85776	97	0	47	FullDelay	0.05776	57760	1	2
4.86634	88	0	47	LastDelay	0.066336	66336	1	2
4.86634	88	0	47	FullDelay	0.066336	66336	1	2
4.88664	0	0	47	LastDelay	0.08664	86640	1	3
4.88664	0	0	47	FullDelay	0.08664	86640	1	3
4.90216	82	0	46	LastDelay	0.20216	202160	1	7
4.90216	82	0	46	FullDelay	0.20216	202160	1	7
4.91552	52	0	47	LastDelay	0.11552	115520	1	4
4.91552	52	0	47	FullDelay	0.11552	115520	1	4
4.91552	5	0	47	LastDelay	0.11552	115520	1	4
4.91552	5	0	47	FullDelay	0.11552	115520	1	4
4.91552	16	0	47	LastDelay	0.11552	115520	1	4
4.91552	16	0	47	FullDelay	0.11552	115520	1	4
4.92888	11	0	48	LastDelay	0.02888	28880	1	1
4.92888	11	0	48	FullDelay	0.02888	28880	1	1
4.93104	91	0	46	LastDelay	0.23104	231040	1	8
4.93104	91	0	46	FullDelay	0.23104	231040	1	8
4.9444	58	0	47	LastDelay	0.1444	144400	1	5
4.9444	58	0	47	FullDelay	0.1444	144400	1	5
4.95776	97	0	48	LastDelay	0.05776	57760	1	2
4.95776	97	0	48	FullDelay	0.05776	57760	1	2
4.96634	88	0	48	LastDelay	0.066336	66336	1	2
4.96634	88	0	48	FullDelay	0.066336	66336	1	2
4.98664	0	0	48	LastDelay	0.08664	86640	1	3
4.98664	0	0	48	FullDelay	0.08664	86640	1	3
5.00216	82	0	47	LastDelay	0.20216	202160	1	7
5.00216	82	0	47	FullDelay	0.20216	202160	1	7
5.01552	52	0	48	LastDelay	0.11552	115520	1	4
5.01552	52	0	48	FullDelay	0.11552	115520	1	4
5.01552	5	0	48	LastDelay	0.11552	115520	1	4
5.01552	5	0	48	FullDelay	0.11552	115520	1	4
5.01552	16	0	48	LastDelay	0.11552	115520	1	4
5.01552	16	0	48	FullDelay	0.11552	115520	1	4
5.02888	11	0	49	LastDelay	0.02888	28880	1	1
5.02888	11	0	49	FullDelay	0.02888	28880	1	1
5.03104	91	0	47	LastDelay	0.23104	231040	1	8
5.03104	91	0	47	FullDelay	0.23104	231040	1	8
5.0444	58	0	48	LastDelay	0.1444	144400	1	5
5.0444	58	0	48	FullDelay	0.1444	144400	1	5
5.05776	97	0	49	LastDelay	0.05776	57760	1	2
5.05776	97	0	49	FullDelay	0.05776	57760	1	2
5.06634	88	0	49	LastDelay	0.066336	66336	1	2
5.06634	88	0	49	FullDelay	0.066336	66336	1	2
5.08664	0	0	49	LastDelay	0.08664	86640	1	3
5.08664	0	0	49	FullDelay	0.08664	86640	1	3
5.10216	82	0	48	LastDelay	0.20216	202160	1	7
5.10216	82	0	48	FullDelay	0.20216	202160	1	7
5.11552	52	0	49	LastDelay	0.11552	115520	1	4
5.11552	52	0	49	FullDelay	0.11552	115520	1	4
5.11552	5	0	49	LastDelay	0.11552	115520	1	4
5.11552	5	0	49	FullDelay	0.11552	115520	1	4
5.11552	16	0	49	LastDelay	0.11552	115520	1	4
5.11552	16	0	49	FullDelay	0.11552	115520	1	4
5.12888	11	0	50	LastDelay	0.02888	28880	1	1
5.12888	11	0	50	FullDelay	0.02888	28880	1	1
5.13104	91	0	48	LastDelay	0.23104	231040	1	8
5.13104	91	0	48	FullDelay	0.23104	231040	1	8
5.1444	58	0	49	LastDelay	0.1444	144400	1	5
5.1444	58	0	49	FullDelay	0.1444	144400	1	5
5.15776	97	0	50	LastDelay	0.05776	57760	1	2
5.15776	97	0	50	FullDelay	0.05776	57760	1	2
5.16634	88	0	50	LastDelay	0.066336	66336	1	2
5.16634	88	0	50	FullDelay	0.066336	66336	1	2
5.18664	0	0	50	LastDelay	0.08664	86640	1	3
5.18664	0	0	50	FullDelay	0.08664	86640	1	3
5.20216	82	0	49	LastDelay	0.20216	202160	1	7
5.20216	82	0	49	FullDelay	0.20216	202160	1	7
5.21552	52	0	50	LastDelay	0.11552	115520	1	4
5.21552	52	0	50	FullDelay	0.11552	115520	1	4
5.21552	5	0	50	LastDelay	0.11552	115520	1	4
5.21552	5	0	50	FullDelay	0.11552	115520	1	4
5.21552	16	0	50	LastDelay	0.11552	115520	1	4
5.21552	16	0	50	FullDelay	0.11552	115520	1	4
5.22888	11	0	51	LastDelay	0.02888	28880	1	1
5.22888	11	0	51	FullDelay	0.02888	28880	1	1
5.23104	91	0	49	LastDelay	0.23104	231040	1	8
5.23104	91	0	49	FullDelay	0.23104	231040	1	8
5.2444	58	0	50	LastDelay	0.1444	144400	1	5
5.2444	58	0	50	FullDelay	0.1444	144400	1	5
5.25776	97	0	51	LastDelay	0.05776	57760	1	2
5.25776	97	0	51	FullDelay	0.05776	57760	1	2
5.26634	88	0	51	LastDelay	0.066336	66336	1	2
5.26634	88	0	51	FullDelay	0.066336	66336	1	2
5.28664	0	0	51	LastDelay	0.08664	86640	1	3
5.28664	0	0	51	FullDelay	0.08664	86640	1	3
5.30216	82	0	50	LastDelay	0.20216	202160	1	7
5.30216	82	0	50	FullDelay	0.20216	202160	1	7
5.31552	52	0	51	LastDelay	0.11552	115520	1	4
5.31552	52	0	51	FullDelay	0.11552	115520	1	4
5.31552	5	0	51	LastDelay	0.11552	115520	1	4
5.31552	5	0	51	FullDelay	0.11552	115520	1	4
5.31552	16	0	51	LastDelay	0.11552	115520	1	4
5.31552	16	0	51	FullDelay	0.11552	115520	1	4
5.32888	11	0	52	LastDelay	0.02888	28880	1	1
5.32888	11	0	52	FullDelay	0.02888	28880	1	1
5.33104	91	0	50	LastDelay	0.23104	231040	1	8
5.33104	91	0	50	FullDelay	0.23104	231040	1	8
5.3444	58	0	51	LastDelay	0.1444	144400	1	5
5.3444	58	0	51	FullDelay	0.1444	144400	1	5
5.35776	97	0	52	LastDelay	0.05776	57760	1	2
5.35776	97	0	52	FullDelay	0.05776	57760	1	2
5.36634	88	0	52	LastDelay	0.066336	66336	1	2
5.36634	88	0	52	FullDelay	0.066336	66336	1	2
5.38664	0	0	52	LastDelay	0.08664	86640	1	3
5.38664	0	0	52	FullDelay	0.08664	86640	1	3
5.40216	82	0	51	LastDelay	0.20216	202160	1	7
5.40216	82	0	51	FullDelay	0.20216	202160	1	7
5.41552	52	0	52	LastDelay	0.11552	115520	1	4
5.41552	52	0	52	FullDelay	0.11552	115520	1	4
5.41552	5	0	52	LastDelay	0.11552	115520	1	4
5.41552	5	0	52	FullDelay	0.11552	115520	1	4
5.41552	16	0	52	LastDelay	0.11552	115520	1	4
5.41552	16	0	52	FullDelay	0.11552	115520	1	4
5.42888	11	0	53	LastDelay	0.02888	28880	1	1
5.42888	11	0	53	FullDelay	0.02888	28880	1	1
5.43104	91	0	51	LastDelay	0.23104	231040	1	8
5.43104	91	0	51	FullDelay	0.23104	231040	1	8
5.4444	58	0	52	LastDelay	0.1444	144400	1	5
5.4444	58	0	52	FullDelay	0.1444	144400	1	5
5.45776	97	0	53	LastDelay	0.05776	57760	1	2
5.45776	97	0	53	FullDelay	0.05776	57760	1	2
5.46634	88	0	53	LastDelay	0.066336	66336	1	2
5.46634	88	0	53	FullDelay	0.066336	66336	1	2
5.48664	0	0	53	LastDelay	0.08664	86640	1	3
5.48664	0	0	53	FullDelay	0.08664	86640	1	3
5.50216	82	0	52	LastDelay	0.20216	202160	1	7
5.50216	82	0	52	FullDelay	0.20216	202160	1	7
5.51552	52	0	53	LastDelay	0.11552	115520	1	4
5.51552	52	0	53	FullDelay	0.11552	115520	1	4
5.51552	5	0	53	LastDelay	0.11552	115520	1	4
5.51552	5	0	53	FullDelay	0.11552	115520	1	4
5.51552	16	0	53	LastDelay	0.11552	115520	1	4
5.51552	16	0	53	FullDelay	0.11552	115520	1	4
5.52888	11	0	54	LastDelay	0.02888	28880	1	1
5.52888	11	0	54	FullDelay	0.02888	28880	1	1
5.53104	91	0	52	LastDelay	0.23104	231040	1	8
5.53104	91	0	52	FullDelay	0.23104	231040	1	8
5.5444	58	0	53	LastDelay	0.1444	144400	1	5
5.5444	58	0	53	FullDelay	0.1444	144400	1	5
5.55776	97	0	54	LastDelay	0.05776	57760	1	2
5.55776	97	0	54	FullDelay	0.05776	57760	1	2
5.56634	88	0	54	LastDelay	0.066336	66336	1	2
5.56634	88	0	54	FullDelay	0.066336	66336	1	2
5.58664	0	0	54	LastDelay	0.08664	86640	1	3
5.58664	0	0	54	FullDelay	0.08664	86640	1	3
5.60216	82	0	53	LastDelay	0.20216	202160	1	7
5.60216	82	0	53	FullDelay	0.20216	202160	1	7
5.61552	52	0	54	LastDelay	0.11552	115520	1	4
5.61552	52	0	54	FullDelay	0.11552	115520	1	4
5.61552	5	0	54	LastDelay	0.11552	115520	1	4
5.61552	5	0	54	FullDelay	0.11552	115520	1	4
5.61552	16	0	54	LastDelay	0.11552	115520	1	4
5.61552	16	0	54	FullDelay	0.11552	115520	1	4
5.62888	11	0	55	LastDelay	0.02888	28880	1	1
5.62888	11	0	55	FullDelay	0.02888	28880	1	1
5.63104	91	0	53	LastDelay	0.23104	231040	1	8
5.63104	91	0	53	FullDelay	0.23104	231040	1	8
5.6444	58	0	54	LastDelay	0.1444	144400	1	5
5.6444	58	0	54	FullDelay	0.1444	144400	1	5
5.65776	97	0	55	LastDelay	0.05776	57760	1	2
5.65776	97	0	55	FullDelay	0.05776	57760	1	2
5.66634	88	0	55	LastDelay	0.066336	66336	1	2
5.66634	88	0	55	FullDelay	0.066336	66336	1	2
5.68664	0	0	55	LastDelay	0.08664	86640	1	3
5.68664	0	0	55	FullDelay	0.08664	86640	1	3
5.70216	82	0	54	LastDelay	0.20216	202160	1	7
5.70216	82	0	54	FullDelay	0.20216	202160	1	7
5.71552	52	0	55	LastDelay	0.11552	115520	1	4
5.71552	52	0	55	FullDelay	0.11552	115520	1	4
5.71552	5	0	55	LastDelay	0.11552	115520	1	4
5.71552	5	0	55	FullDelay	0.11552	115520	1	4
5.71552	16	0	55	LastDelay	0.11552	115520	1	4
5.71552	16	0	55	FullDelay	0.11552	115520	1	4
5.72888	11	0	56	LastDelay	0.02888	28880	1	1
5.72888	11	0	56	FullDelay	0.02888	28880	1	1
5.73104	91	0	54	LastDelay	0.23104	231040	1	8
5.73104	91	0	54	FullDelay	0.23104	231040	1	8
5.7444	58	0	55	LastDelay	0.1444	144400	1	5
5.7444	58	0	55	FullDelay	0.1444	144400	1	5
5.75776	97	0	56	LastDelay	0.05776	57760	1	2
5.75776	97	0	56	FullDelay	0.05776	57760	1	2
5.76634	88	0	56	LastDelay	0.066336	66336	1	2
5.76634	88	0	56	FullDelay	0.066336	66336	1	2
5.78664	0	0	56	LastDelay	0.08664	86640	1	3
5.78664	0	0	56	FullDelay	0.08664	86640	1	3
5.80216	82	0	55	LastDelay	0.20216	202160	1	7
5.80216	82	0	55	FullDelay	0.20216	202160	1	7
5.81552	52	0	56	LastDelay	0.11552	115520	1	4
5.81552	52	0	56	FullDelay	0.11552	115520	1	4
5.81552	5	0	56	LastDelay	0.11552	115520	1	4
5.81552	5	0	56	FullDelay	0.11552	115520	1	4
5.81552	16	0	56	LastDelay	0.11552	115520	1	4
5.81552	16	0	56	FullDelay	0.11552	115520	1	4
5.82888	11	0	57	LastDelay	0.02888	28880	1	1
5.82888	11	0	57	FullDelay	0.02888	28880	1	1
5.83104	91	0	55	LastDelay	0.23104	231040	1	8
5.83104	91	0	55	FullDelay	0.23104	231040	1	8
5.8444	58	0	56	LastDelay	0.1444	144400	1	5
5.8444	58	0	56	FullDelay	0.1444	144400	1	5
5.85776	97	0	57	LastDelay	0.05776	57760	1	2
5.85776	97	0	57	FullDelay	0.05776	57760	1	2
5.86634	88	0	57	LastDelay	0.066336	66336	1	2
5.86634	88	0	57	FullDelay	0.066336	66336	1	2
5.88664	0	0	57	LastDelay	0.08664	86640	1	3
5.88664	0	0	57	FullDelay	0.08664	86640	1	3
5.90216	82	0	56	LastDelay	0.20216	202160	1	7
5.90216	82	0	56	FullDelay	0.20216	202160	1	7
5.91552	52	0	57	LastDelay	0.11552	115520	1	4
5.91552	52	0	57	FullDelay	0.11552	115520	1	4
5.91552	5	0	57	LastDelay	0.11552	115520	1	4
5.91552	5	0	57	FullDelay	0.11552	115520	1	4
5.91552	16	0	57	LastDelay	0.11552	115520	1	4
5.91552	16	0	57	FullDelay	0.11552	115520	1	4
5.92888	11	0	58	LastDelay	0.02888	28880	1	1
5.92888	11	0	58	FullDelay	0.02888	28880	1	1
5.93104	91	0	56	LastDelay	0.23104	231040	1	8
5.93104	91	0	56	FullDelay	0.23104	231040	1	8
5.9444	58	0	57	LastDelay	0.1444	144400	1	5
5.9444	58	0	57	FullDelay	0.1444	144400	1	5
5.95776	97	0	58	LastDelay	0.05776	57760	1	2
5.95776	97	0	58	FullDelay	0.05776	57760	1	2
5.96634	88	0	58	LastDelay	0.066336	66336	1	2
5.96634	88	0	58	FullDelay	0.066336	66336	1	2
5.98664	0	0	58	LastDelay	0.08664	86640	1	3
5.98664	0	0	58	FullDelay	0.08664	86640	1	3
6.00216	82	0	57	LastDelay	0.20216	202160	1	7
6.00216	82	0	57	FullDelay	0.20216	202160	1	7
6.01552	52	0	58	LastDelay	0.11552	115520	1	4
6.01552	52	0	58	FullDelay	0.11552	115520	1	4
6.01552	5	0	58	LastDelay	0.11552	115520	1	4
6.01552	5	0	58	FullDelay	0.11552	115520	1	4
6.01552	16	0	58	LastDelay	0.11552	115520	1	4
6.01552	16	0	58	FullDelay	0.11552	115520	1	4
6.02888	11	0	59	LastDelay	0.02888	28880	1	1
6.02888	11	0	59	FullDelay	0.02888	28880	1	1
6.03104	91	0	57	LastDelay	0.23104	231040	1	8
6.03104	91	0	57	FullDelay	0.23104	231040	1	8
6.0444	58	0	58	LastDelay	0.1444	144400	1	5
6.0444	58	0	58	FullDelay	0.1444	144400	1	5
6.05776	97	0	59	LastDelay	0.05776	57760	1	2
6.05776	97	0	59	FullDelay	0.05776	57760	1	2
6.06634	88	0	59	LastDelay	0.066336	66336	1	2
6.06634	88	0	59	FullDelay	0.066336	66336	1	2
6.08664	0	0	59	LastDelay	0.08664	86640	1	3
6.08664	0	0	59	FullDelay	0.08664	86640	1	3
6.10216	82	0	58	LastDelay	0.20216	202160	1	7
6.10216	82	0	58	FullDelay	0.20216	202160	1	7
6.11552	52	0	59	LastDelay	0.11552	115520	1	4
6.11552	52	0	59	FullDelay	0.11552	115520	1	4
6.11552	5	0	59	LastDelay	0.11552	115520	1	4
6.11552	5	0	59	FullDelay	0.11552	115520	1	4
6.11552	16	0	59	LastDelay	0.11552	115520	1	4
6.11552	16	0	59	FullDelay	0.11552	115520	1	4
6.12888	11	0	60	LastDelay	0.02888	28880	1	1
6.12888	11	0	60	FullDelay	0.02888	28880	1	1
6.13104	91	0	58	LastDelay	0.23104	231040	1	8
6.13104	91	0	58	FullDelay	0.23104	231040	1	8
6.1444	58	0	59	LastDelay	0.1444	144400	1	5
6.1444	58	0	59	FullDelay	0.1444	144400	1	5
6.15776	97	0	60	LastDelay	0.05776	57760	1	2
6.15776	97	0	60	FullDelay	0.05776	57760	1	2
6.16634	88	0	60	LastDelay	0.066336	66336	1	2
6.16634	88	0	60	FullDelay	0.066336	66336	1	2
6.18664	0	0	60	LastDelay	0.08664	86640	1	3
6.18664	0	0	60	FullDelay	0.08664	86640	1	3
6.20216	82	0	59	LastDelay	0.20216	202160	1	7
6.20216	82	0	59	FullDelay	0.20216	202160	1	7
6.21552	52	0	60	LastDelay	0.11552	115520	1	4
6.21552	52	0	60	FullDelay	0.11552	115520	1	4
6.21552	5	0	60	LastDelay	0.11552	115520	1	4
6.21552	5	0	60	FullDelay	0.11552	115520	1	4
6.21552	16	0	60	LastDelay	0.11552	115520	1	4
6.21552	16	0	60	FullDelay	0.11552	115520	1	4
6.22888	11	0	61	LastDelay	0.02888	28880	1	1
6.22888	11	0	61	FullDelay	0.02888	28880	1	1
6.23104	91	0	59	LastDelay	0.23104	231040	1	8
6.23104	91	0	59	FullDelay	0.23104	231040	1	8
6.2444	58	0	60	LastDelay	0.1444	144400	1	5
6.2444	58	0	60	FullDelay	0.1444	144400	1	5
6.25776	97	0	61	LastDelay	0.05776	57760	1	2
6.25776	97	0	61	FullDelay	0.05776	57760	1	2
6.26634	88	0	61	LastDelay	0.066336	66336	1	2
6.26634	88	0	61	FullDelay	0.066336	66336	1	2
6.28664	0	0	61	LastDelay	0.08664	86640	1	3
6.28664	0	0	61	FullDelay	0.08664	86640	1	3
6.30216	82	0	60	LastDelay	0.20216	202160	1	7
6.30216	82	0	60	FullDelay	0.20216	202160	1	7
6.31552	52	0	61	LastDelay	0.11552	115520	1	4
6.31552	52	0	61	FullDelay	0.11552	115520	1	4
6.31552	5	0	61	LastDelay	0.11552	115520	1	4
6.31552	5	0	61	FullDelay	0.11552	115520	1	4
6.31552	16	0	61	LastDelay	0.11552	115520	1	4
6.31552	16	0	61	FullDelay	0.11552	115520	1	4
6.32888	11	0	62	LastDelay	0.02888	28880	1	1
6.32888	11	0	62	FullDelay	0.02888	28880	1	1
6.33104	91	0	60	LastDelay	0.23104	231040	1	8
6.33104	91	0	60	FullDelay	0.23104	231040	1	8
6.3444	58	0	61	LastDelay	0.1444	144400	1	5
6.3444	58	0	61	FullDelay	0.1444	144400	1	5
6.35776	97	0	62	LastDelay	0.05776	57760	1	2
6.35776	97	0	62	FullDelay	0.05776	57760	1	2
6.36634	88	0	62	LastDelay	0.066336	66336	1	2
6.36634	88	0	62	FullDelay	0.066336	66336	1	2
6.38664	0	0	62	LastDelay	0.08664	86640	1	3
6.38664	0	0	62	FullDelay	0.08664	86640	1	3
6.40216	82	0	61	LastDelay	0.20216	202160	1	7
6.40216	82	0	61	FullDelay	0.20216	202160	1	7
6.41552	52	0	62	LastDelay	0.11552	115520	1	4
6.41552	52	0	62	FullDelay	0.11552	115520	1	4
6.41552	5	0	62	LastDelay	0.11552	115520	1	4
6.41552	5	0	62	FullDelay	0.11552	115520	1	4
6.41552	16	0	62	LastDelay	0.11552	115520	1	4
6.41552	16	0	62	FullDelay	0.11552	115520	1	4
6.42888	11	0	63	LastDelay	0.02888	28880	1	1
6.42888	11	0	63	FullDelay	0.02888	28880	1	1
6.43104	91	0	61	LastDelay	0.23104	231040	1	8
6.43104	91	0	61	FullDelay	0.23104	231040	1	8
6.4444	58	0	62	LastDelay	0.1444	144400	1	5
6.4444	58	0	62	FullDelay	0.1444	144400	1	5
6.45776	97	0	63	LastDelay	0.05776	57760	1	2
6.45776	97	0	63	FullDelay	0.05776	57760	1	2
6.46634	88	0	63	LastDelay	0.066336	66336	1	2
6.46634	88	0	63	FullDelay	0.066336	66336	1	2
6.48664	0	0	63	LastDelay	0.08664	86640	1	3
6.48664	0	0	63	FullDelay	0.08664	86640	1	3
6.50216	82	0	62	LastDelay	0.20216	202160	1	7
6.50216	82	0	62	FullDelay	0.20216	202160	1	7
6.51552	52	0	63	LastDelay	0.11552	115520	1	4
6.51552	52	0	63	FullDelay	0.11552	115520	1	4
6.51552	5	0	63	LastDelay	0.11552	115520	1	4
6.51552	5	0	63	FullDelay	0.11552	115520	1	4
6.51552	16	0	63	LastDelay	0.11552	115520	1	4
6.51552	16	0	63	FullDelay	0.11552	115520	1	4
6.52888	11	0	64	LastDelay	0.02888	28880	1	1
6.52888	11	0	64	FullDelay	0.02888	28880	1	1
6.53104	91	0	62	LastDelay	0.23104	231040	1	8
6.53104	91	0	62	FullDelay	0.23104	231040	1	8
6.5444	58	0	63	LastDelay	0.1444	144400	1	5
6.5444	58	0	63	FullDelay	0.1444	144400	1	5
6.55776	97	0	64	LastDelay	0.05776	57760	1	2
6.55776	97	0	64	FullDelay	0.05776	57760	1	2
6.56634	88	0	64	LastDelay	0.066336	66336	1	2
6.56634	88	0	64	FullDelay	0.066336	66336	1	2
6.58664	0	0	64	LastDelay	0.08664	86640	1	3
6.58664	0	0	64	FullDelay	0.08664	86640	1	3
6.60216	82	0	63	LastDelay	0.20216	202160	1	7
6.60216	82	0	63	FullDelay	0.20216	202160	1	7
6.61552	52	0	64	LastDelay	0.11552	115520	1	4
6.61552	52	0	64	FullDelay	0.11552	115520	1	4
6.61552	5	0	64	LastDelay	0.11552	115520	1	4
6.61552	5	0	64	FullDelay	0.11552	115520	1	4
6.61552	16	0	64	LastDelay	0.11552	115520	1	4
6.61552	16	0	64	FullDelay	0.11552	115520	1	4
6.62888	11	0	65	LastDelay	0.02888	28880	1	1
6.62888	11	0	65	FullDelay	0.02888	28880	1	1
6.63104	91	0	63	LastDelay	0.23104	231040	1	8
6.63104	91	0	63	FullDelay	0.23104	231040	1	8
6.6444	58	0	64	LastDelay	0.1444	144400	1	5
6.6444	58	0	64	FullDelay	0.1444	144400	1	5
6.65776	97	0	65	LastDelay	0.05776	57760	1	2
6.65776	97	0	65	FullDelay	0.05776	57760	1	2
6.66634	88	0	65	LastDelay	0.066336	66336	1	2
6.66634	88	0	65	FullDelay	0.066336	66336	1	2
6.68664	0	0	65	LastDelay	0.08664	86640	1	3
6.68664	0	0	65	FullDelay	0.08664	86640	1	3
6.70216	82	0	64	LastDelay	0.20216	202160	1	7
6.70216	82	0	64	FullDelay	0.20216	202160	1	7
6.71552	52	0	65	LastDelay	0.11552	115520	1	4
6.71552	52	0	65	FullDelay	0.11552	115520	1	4
6.71552	5	0	65	LastDelay	0.11552	115520	1	4
6.71552	5	0	65	FullDelay	0.11552	115520	1	4
6.71552	16	0	65	LastDelay	0.11552	115520	1	4
6.71552	16	0	65	FullDelay	0.11552	115520	1	4
6.72888	11	0	66	LastDelay	0.02888	28880	1	1
6.72888	11	0	66	FullDelay	0.02888	28880	1	1
6.73104	91	0	64	LastDelay	0.23104	231040	1	8
6.73104	91	0	64	FullDelay	0.23104	231040	1	8
6.7444	58	0	65	LastDelay	0.1444	144400	1	5
6.7444	58	0	65	FullDelay	0.1444	144400	1	5
6.75776	97	0	66	LastDelay	0.05776	57760	1	2
6.75776	97	0	66	FullDelay	0.05776	57760	1	2
6.76634	88	0	66	LastDelay	0.066336	66336	1	2
6.76634	88	0	66	FullDelay	0.066336	66336	1	2
6.78664	0	0	66	LastDelay	0.08664	86640	1	3
6.78664	0	0	66	FullDelay	0.08664	86640	1	3
6.80216	82	0	65	LastDelay	0.20216	202160	1	7
6.80216	82	0	65	FullDelay	0.20216	202160	1	7
6.81552	52	0	66	LastDelay	0.11552	115520	1	4
6.81552	52	0	66	FullDelay	0.11552	115520	1	4
6.81552	5	0	66	LastDelay	0.11552	115520	1	4
6.81552	5	0	66	FullDelay	0.11552	115520	1	4
6.81552	16	0	66	LastDelay	0.11552	115520	1	4
6.81552	16	0	66	FullDelay	0.11552	115520	1	4
6.82888	11	0	67	LastDelay	0.02888	28880	1	1
6.82888	11	0	67	FullDelay	0.02888	28880	1	1
6.83104	91	0	65	LastDelay	0.23104	231040	1	8
6.83104	91	0	65	FullDelay	0.23104	231040	1	8
6.8444	58	0	66	LastDelay	0.1444	144400	1	5
6.8444	58	0	66	FullDelay	0.1444	144400	1	5
6.85776	97	0	67	LastDelay	0.05776	57760	1	2
6.85776	97	0	67	FullDelay	0.05776	57760	1	2
6.86634	88	0	67	LastDelay	0.066336	66336	1	2
6.86634	88	0	67	FullDelay	0.066336	66336	1	2
6.88664	0	0	67	LastDelay	0.08664	86640	1	3
6.88664	0	0	67	FullDelay	0.08664	86640	1	3
6.90216	82	0	66	LastDelay	0.20216	202160	1	7
6.90216	82	0	66	FullDelay	0.20216	202160	1	7
6.91552	52	0	67	LastDelay	0.11552	115520	1	4
6.91552	52	0	67	FullDelay	0.11552	115520	1	4
6.91552	5	0	67	LastDelay	0.11552	115520	1	4
6.91552	5	0	67	FullDelay	0.11552	115520	1	4
6.91552	16	0	67	LastDelay	0.11552	115520	1	4
6.91552	16	0	67	FullDelay	0.11552	115520	1	4
6.92888	11	0	68	LastDelay	0.02888	28880	1	1
6.92888	11	0	68	FullDelay	0.02888	28880	1	1
6.93104	91	0	66	LastDelay	0.23104	231040	1	8
6.93104	91	0	66	FullDelay	0.23104	231040	1	8
6.9444	58	0	67	LastDelay	0.1444	144400	1	5
6.9444	58	0	67	FullDelay	0.1444	144400	1	5
6.95776	97	0	68	LastDelay	0.05776	57760	1	2
6.95776	97	0	68	FullDelay	0.05776	57760	1	2
6.96634	88	0	68	LastDelay	0.066336	66336	1	2
6.96634	88	0	68	FullDelay	0.066336	66336	1	2
6.98664	0	0	68	LastDelay	0.08664	86640	1	3
6.98664	0	0	68	FullDelay	0.08664	86640	1	3
7.00216	82	0	67	LastDelay	0.20216	202160	1	7
7.00216	82	0	67	FullDelay	0.20216	202160	1	7
7.01552	52	0	68	LastDelay	0.11552	115520	1	4
7.01552	52	0	68	FullDelay	0.11552	115520	1	4
7.01552	5	0	68	LastDelay	0.11552	115520	1	4
7.01552	5	0	68	FullDelay	0.11552	115520	1	4
7.01552	16	0	68	LastDelay	0.11552	115520	1	4
7.01552	16	0	68	FullDelay	0.11552	115520	1	4
7.02888	11	0	69	LastDelay	0.02888	28880	1	1
7.02888	11	0	69	FullDelay	0.02888	28880	1	1
7.03104	91	0	67	LastDelay	0.23104	231040	1	8
7.03104	91	0	67	FullDelay	0.23104	231040	1	8
7.0444	58	0	68	LastDelay	0.1444	144400	1	5
7.0444	58	0	68	FullDelay	0.1444	144400	1	5
7.05776	97	0	69	LastDelay	0.05776	57760	1	2
7.05776	97	0	69	FullDelay	0.05776	57760	1	2
7.06634	88	0	69	LastDelay	0.066336	66336	1	2
7.06634	88	0	69	FullDelay	0.066336	66336	1	2
7.08664	0	0	69	LastDelay	0.08664	86640	1	3
7.08664	0	0	69	FullDelay	0.08664	86640	1	3
7.10216	82	0	68	LastDelay	0.20216	202160	1	7
7.10216	82	0	68	FullDelay	0.20216	202160	1	7
7.11552	52	0	69	LastDelay	0.11552	115520	1	4
7.11552	52	0	69	FullDelay	0.11552	115520	1	4
7.11552	5	0	69	LastDelay	0.11552	115520	1	4
7.11552	5	0	69	FullDelay	0.11552	115520	1	4
7.11552	16	0	69	LastDelay	0.11552	115520	1	4
7.11552	16	0	69	FullDelay	0.11552	115520	1	4
7.12888	11	0	70	LastDelay	0.02888	28880	1	1
7.12888	11	0	70	FullDelay	0.02888	28880	1	1
7.13104	91	0	68	LastDelay	0.23104	231040	1	8
7.13104	91	0	68	FullDelay	0.23104	231040	1	8
7.1444	58	0	69	LastDelay	0.1444	144400	1	5
7.1444	58	0	69	FullDelay	0.1444	144400	1	5
7.15776	97	0	70	LastDelay	0.05776	57760	1	2
7.15776	97	0	70	FullDelay	0.05776	57760	1	2
7.16634	88	0	70	LastDelay	0.066336	66336	1	2
7.16634	88	0	70	FullDelay	0.066336	66336	1	2
7.18664	0	0	70	LastDelay	0.08664	86640	1	3
7.18664	0	0	70	FullDelay	0.08664	86640	1	3
7.20216	82	0	69	LastDelay	0.20216	202160	1	7
7.20216	82	0	69	FullDelay	0.20216	202160	1	7
7.21552	52	0	70	LastDelay	0.11552	115520	1	4
7.21552	52	0	70	FullDelay	0.11552	115520	1	4
7.21552	5	0	70	LastDelay	0.11552	115520	1	4
7.21552	5	0	70	FullDelay	0.11552	115520	1	4
7.21552	16	0	70	LastDelay	0.11552	115520	1	4
7.21552	16	0	70	FullDelay	0.11552	115520	1	4
7.22888	11	0	71	LastDelay	0.02888	28880	1	1
7.22888	11	0	71	FullDelay	0.02888	28880	1	1
7.23104	91	0	69	LastDelay	0.23104	231040	1	8
7.23104	91	0	69	FullDelay	0.23104	231040	1	8
7.2444	58	0	70	LastDelay	0.1444	144400	1	5
7.2444	58	0	70	FullDelay	0.1444	144400	1	5
7.25776	97	0	71	LastDelay	0.05776	57760	1	2
7.25776	97	0	71	FullDelay	0.05776	57760	1	2
7.26634	88	0	71	LastDelay	0.066336	66336	1	2
7.26634	88	0	71	FullDelay	0.066336	66336	1	2
7.28664	0	0	71	LastDelay	0.08664	86640	1	3
7.28664	0	0	71	FullDelay	0.08664	86640	1	3
7.30216	82	0	70	LastDelay	0.20216	202160	1	7
7.30216	82	0	70	FullDelay	0.20216	202160	1	7
7.31552	52	0	71	LastDelay	0.11552	115520	1	4
7.31552	52	0	71	FullDelay	0.11552	115520	1	4
7.31552	5	0	71	LastDelay	0.11552	115520	1	4
7.31552	5	0	71	FullDelay	0.11552	115520	1	4
7.31552	16	0	71	LastDelay	0.11552	115520	1	4
7.31552	16	0	71	FullDelay	0.11552	115520	1	4
7.32888	11	0	72	LastDelay	0.02888	28880	1	1
7.32888	11	0	72	FullDelay	0.02888	28880	1	1
7.33104	91	0	70	LastDelay	0.23104	231040	1	8
7.33104	91	0	70	FullDelay	0.23104	231040	1	8
7.3444	58	0	71	LastDelay	0.1444	144400	1	5
7.3444	58	0	71	FullDelay	0.1444	144400	1	5
7.35776	97	0	72	LastDelay	0.05776	57760	1	2
7.35776	97	0	72	FullDelay	0.05776	57760	1	2
7.36634	88	0	72	LastDelay	0.066336	66336	1	2
7.36634	88	0	72	FullDelay	0.066336	66336	1	2
7.38664	0	0	72	LastDelay	0.08664	86640	1	3
7.38664	0	0	72	FullDelay	0.08664	86640	1	3
7.40216	82	0	71	LastDelay	0.20216	202160	1	7
7.40216	82	0	71	FullDelay	0.20216	202160	1	7
7.41552	52	0	72	LastDelay	0.11552	115520	1	4
7.41552	52	0	72	FullDelay	0.11552	115520	1	4
7.41552	5	0	72	LastDelay	0.11552	115520	1	4
7.41552	5	0	72	FullDelay	0.11552	115520	1	4
7.41552	16	0	72	LastDelay	0.11552	115520	1	4
7.41552	16	0	72	FullDelay	0.11552	115520	1	4
7.42888	11	0	73	LastDelay	0.02888	28880	1	1
7.42888	11	0	73	FullDelay	0.02888	28880	1	1
7.43104	91	0	71	LastDelay	0.23104	231040	1	8
7.43104	91	0	71	FullDelay	0.23104	231040	1	8
7.4444	58	0	72	LastDelay	0.1444	144400	1	5
7.4444	58	0	72	FullDelay	0.1444	144400	1	5
7.45776	97	0	73	LastDelay	0.05776	57760	1	2
7.45776	97	0	73	FullDelay	0.05776	57760	1	2
7.46634	88	0	73	LastDelay	0.066336	66336	1	2
7.46634	88	0	73	FullDelay	0.066336	66336	1	2
7.48664	0	0	73	LastDelay	0.08664	86640	1	3
7.48664	0	0	73	FullDelay	0.08664	86640	1	3
7.50216	82	0	72	LastDelay	0.20216	202160	1	7
7.50216	82	0	72	FullDelay	0.20216	202160	1	7
7.51552	52	0	73	LastDelay	0.11552	115520	1	4
7.51552	52	0	73	FullDelay	0.11552	115520	1	4
7.51552	5	0	73	LastDelay	0.11552	115520	1	4
7.51552	5	0	73	FullDelay	0.11552	115520	1	4
7.51552	16	0	73	LastDelay	0.11552	115520	1	4
7.51552	16	0	73	FullDelay	0.11552	115520	1	4
7.52888	11	0	74	LastDelay	0.02888	28880	1	1
7.52888	11	0	74	FullDelay	0.02888	28880	1	1
7.53104	91	0	72	LastDelay	0.23104	231040	1	8
7.53104	91	0	72	FullDelay	0.23104	231040	1	8
7.5444	58	0	73	LastDelay	0.1444	144400	1	5
7.5444	58	0	73	FullDelay	0.1444	144400	1	5
7.55776	97	0	74	LastDelay	0.05776	57760	1	2
7.55776	97	0	74	FullDelay	0.05776	57760	1	2
7.56634	88	0	74	LastDelay	0.066336	66336	1	2
7.56634	88	0	74	FullDelay	0.066336	66336	1	2
7.58664	0	0	74	LastDelay	0.08664	86640	1	3
7.58664	0	0	74	FullDelay	0.08664	86640	1	3
7.60216	82	0	73	LastDelay	0.20216	202160	1	7
7.60216	82	0	73	FullDelay	0.20216	202160	1	7
7.61552	52	0	74	LastDelay	0.11552	115520	1	4
7.61552	52	0	74	FullDelay	0.11552	115520	1	4
7.61552	5	0	74	LastDelay	0.11552	115520	1	4
7.61552	5	0	74	FullDelay	0.11552	115520	1	4
7.61552	16	0	74	LastDelay	0.11552	115520	1	4
7.61552	16	0	74	FullDelay	0.11552	115520	1	4
7.62888	11	0	75	LastDelay	0.02888	28880	1	1
7.62888	11	0	75	FullDelay	0.02888	28880	1	1
7.63104	91	0	73	LastDelay	0.23104	231040	1	8
7.63104	91	0	73	FullDelay	0.23104	231040	1	8
7.6444	58	0	74	LastDelay	0.1444	144400	1	5
7.6444	58	0	74	FullDelay	0.1444	144400	1	5
7.65776	97	0	75	LastDelay	0.05776	57760	1	2
7.65776	97	0	75	FullDelay	0.05776	57760	1	2
7.66634	88	0	75	LastDelay	0.066336	66336	1	2
7.66634	88	0	75	FullDelay	0.066336	66336	1	2
7.68664	0	0	75	LastDelay	0.08664	86640	1	3
7.68664	0	0	75	FullDelay	0.08664	86640	1	3
7.70216	82	0	74	LastDelay	0.20216	202160	1	7
7.70216	82	0	74	FullDelay	0.20216	202160	1	7
7.71552	52	0	75	LastDelay	0.11552	115520	1	4
7.71552	52	0	75	FullDelay	0.11552	115520	1	4
7.71552	5	0	75	LastDelay	0.11552	115520	1	4
7.71552	5	0	75	FullDelay	0.11552	115520	1	4
7.71552	16	0	75	LastDelay	0.11552	115520	1	4
7.71552	16	0	75	FullDelay	0.11552	115520	1	4
7.72888	11	0	76	LastDelay	0.02888	28880	1	1
7.72888	11	0	76	FullDelay	0.02888	28880	1	1
7.73104	91	0	74	LastDelay	0.23104	231040	1	8
7.73104	91	0	74	FullDelay	0.23104	231040	1	8
7.7444	58	0	75	LastDelay	0.1444	144400	1	5
7.7444	58	0	75	FullDelay	0.1444	144400	1	5
7.75776	97	0	76	LastDelay	0.05776	57760	1	2
7.75776	97	0	76	FullDelay	0.05776	57760	1	2
7.76634	88	0	76	LastDelay	0.066336	66336	1	2
7.76634	88	0	76	FullDelay	0.066336	66336	1	2
7.78664	0	0	76	LastDelay	0.08664	86640	1	3
7.78664	0	0	76	FullDelay	0.08664	86640	1	3
7.80216	82	0	75	LastDelay	0.20216	202160	1	7
7.80216	82	0	75	FullDelay	0.20216	202160	1	7
7.81552	52	0	76	LastDelay	0.11552	115520	1	4
7.81552	52	0	76	FullDelay	0.11552	115520	1	4
7.81552	5	0	76	LastDelay	0.11552	115520	1	4
7.81552	5	0	76	FullDelay	0.11552	115520	1	4
7.81552	16	0	76	LastDelay	0.11552	115520	1	4
7.81552	16	0	76	FullDelay	0.11552	115520	1	4
7.82888	11	0	77	LastDelay	0.02888	28880	1	1
7.82888	11	0	77	FullDelay	0.02888	28880	1	1
7.83104	91	0	75	LastDelay	0.23104	231040	1	8
7.83104	91	0	75	FullDelay	0.23104	231040	1	8
7.8444	58	0	76	LastDelay	0.1444	144400	1	5
7.8444	58	0	76	FullDelay	0.1444	144400	1	5
7.85776	97	0	77	LastDelay	0.05776	57760	1	2
7.85776	97	0	77	FullDelay	0.05776	57760	1	2
7.86634	88	0	77	LastDelay	0.066336	66336	1	2
7.86634	88	0	77	FullDelay	0.066336	66336	1	2
7.88664	0	0	77	LastDelay	0.08664	86640	1	3
7.88664	0	0	77	FullDelay	0.08664	86640	1	3
7.90216	82	0	76	LastDelay	0.20216	202160	1	7
7.90216	82	0	76	FullDelay	0.20216	202160	1	7
7.91552	52	0	77	LastDelay	0.11552	115520	1	4
7.91552	52	0	77	FullDelay	0.11552	115520	1	4
7.91552	5	0	77	LastDelay	0.11552	115520	1	4
7.91552	5	0	77	FullDelay	0.11552	115520	1	4
7.91552	16	0	77	LastDelay	0.11552	115520	1	4
7.91552	16	0	77	FullDelay	0.11552	115520	1	4
7.92888	11	0	78	LastDelay	0.02888	28880	1	1
7.92888	11	0	78	FullDelay	0.02888	28880	1	1
7.93104	91	0	76	LastDelay	0.23104	231040	1	8
7.93104	91	0	76	FullDelay	0.23104	231040	1	8
7.9444	58	0	77	LastDelay	0.1444	144400	1	5
7.9444	58	0	77	FullDelay	0.1444	144400	1	5
7.95776	97	0	78	LastDelay	0.05776	57760	1	2
7.95776	97	0	78	FullDelay	0.05776	57760	1	2
7.96634	88	0	78	LastDelay	0.066336	66336	1	2
7.96634	88	0	78	FullDelay	0.066336	66336	1	2
7.98664	0	0	78	LastDelay	0.08664	86640	1	3
7.98664	0	0	78	FullDelay	0.08664	86640	1	3
8.00216	82	0	77	LastDelay	0.20216	202160	1	7
8.00216	82	0	77	FullDelay	0.20216	202160	1	7
8.01552	52	0	78	LastDelay	0.11552	115520	1	4
8.01552	52	0	78	FullDelay	0.11552	115520	1	4
8.01552	5	0	78	LastDelay	0.11552	115520	1	4
8.01552	5	0	78	FullDelay	0.11552	115520	1	4
8.01552	16	0	78	LastDelay	0.11552	115520	1	4
8.01552	16	0	78	FullDelay	0.11552	115520	1	4
8.02888	11	0	79	LastDelay	0.02888	28880	1	1
8.02888	11	0	79	FullDelay	0.02888	28880	1	1
8.03104	91	0	77	LastDelay	0.23104	231040	1	8
8.03104	91	0	77	FullDelay	0.23104	231040	1	8
8.0444	58	0	78	LastDelay	0.1444	144400	1	5
8.0444	58	0	78	FullDelay	0.1444	144400	1	5
8.05776	97	0	79	LastDelay	0.05776	57760	1	2
8.05776	97	0	79	FullDelay	0.05776	57760	1	2
8.06634	88	0	79	LastDelay	0.066336	66336	1	2
8.06634	88	0	79	FullDelay	0.066336	66336	1	2
8.08664	0	0	79	LastDelay	0.08664	86640	1	3
8.08664	0	0	79	FullDelay	0.08664	86640	1	3
8.10216	82	0	78	LastDelay	0.20216	202160	1	7
8.10216	82	0	78	FullDelay	0.20216	202160	1	7
8.11552	52	0	79	LastDelay	0.11552	115520	1	4
8.11552	52	0	79	FullDelay	0.11552	115520	1	4
8.11552	5	0	79	LastDelay	0.11552	115520	1	4
8.11552	5	0	79	FullDelay	0.11552	115520	1	4
8.11552	16	0	79	LastDelay	0.11552	115520	1	4
8.11552	16	0	79	FullDelay	0.11552	115520	1	4
8.12888	11	0	80	LastDelay	0.02888	28880	1	1
8.12888	11	0	80	FullDelay	0.02888	28880	1	1
8.13104	91	0	78	LastDelay	0.23104	231040	1	8
8.13104	91	0	78	FullDelay	0.23104	231040	1	8
8.1444	58	0	79	LastDelay	0.1444	144400	1	5
8.1444	58	0	79	FullDelay	0.1444	144400	1	5
8.15776	97	0	80	LastDelay	0.05776	57760	1	2
8.15776	97	0	80	FullDelay	0.05776	57760	1	2
8.16634	88	0	80	LastDelay	0.066336	66336	1	2
8.16634	88	0	80	FullDelay	0.066336	66336	1	2
8.18664	0	0	80	LastDelay	0.08664	86640	1	3
8.18664	0	0	80	FullDelay	0.08664	86640	1	3
8.20216	82	0	79	LastDelay	0.20216	202160	1	7
8.20216	82	0	79	FullDelay	0.20216	202160	1	7
8.21552	52	0	80	LastDelay	0.11552	115520	1	4
8.21552	52	0	80	FullDelay	0.11552	115520	1	4
8.21552	5	0	80	LastDelay	0.11552	115520	1	4
8.21552	5	0	80	FullDelay	0.11552	115520	1	4
8.21552	16	0	80	LastDelay	0.11552	115520	1	4
8.21552	16	0	80	FullDelay	0.11552	115520	1	4
8.22888	11	0	81	LastDelay	0.02888	28880	1	1
8.22888	11	0	81	FullDelay	0.02888	28880	1	1
8.23104	91	0	79	LastDelay	0.23104	231040	1	8
8.23104	91	0	79	FullDelay	0.23104	231040	1	8
8.2444	58	0	80	LastDelay	0.1444	144400	1	5
8.2444	58	0	80	FullDelay	0.1444	144400	1	5
8.25776	97	0	81	LastDelay	0.05776	57760	1	2
8.25776	97	0	81	FullDelay	0.05776	57760	1	2
8.26634	88	0	81	LastDelay	0.066336	66336	1	2
8.26634	88	0	81	FullDelay	0.066336	66336	1	2
8.28664	0	0	81	LastDelay	0.08664	86640	1	3
8.28664	0	0	81	FullDelay	0.08664	86640	1	3
8.30216	82	0	80	LastDelay	0.20216	202160	1	7
8.30216	82	0	80	FullDelay	0.20216	202160	1	7
8.31552	52	0	81	LastDelay	0.11552	115520	1	4
8.31552	52	0	81	FullDelay	0.11552	115520	1	4
8.31552	5	0	81	LastDelay	0.11552	115520	1	4
8.31552	5	0	81	FullDelay	0.11552	115520	1	4
8.31552	16	0	81	LastDelay	0.11552	115520	1	4
8.31552	16	0	81	FullDelay	0.11552	115520	1	4
8.32888	11	0	82	LastDelay	0.02888	28880	1	1
8.32888	11	0	82	FullDelay	0.02888	28880	1	1
8.33104	91	0	80	LastDelay	0.23104	231040	1	8
8.33104	91	0	80	FullDelay	0.23104	231040	1	8
8.3444	58	0	81	LastDelay	0.1444	144400	1	5
8.3444	58	0	81	FullDelay	0.1444	144400	1	5
8.35776	97	0	82	LastDelay	0.05776	57760	1	2
8.35776	97	0	82	FullDelay	0.05776	57760	1	2
8.36634	88	0	82	LastDelay	0.066336	66336	1	2
8.36634	88	0	82	FullDelay	0.066336	66336	1	2
8.38664	0	0	82	LastDelay	0.08664	86640	1	3
8.38664	0	0	82	FullDelay	0.08664	86640	1	3
8.40216	82	0	81	LastDelay	0.20216	202160	1	7
8.40216	82	0	81	FullDelay	0.20216	202160	1	7
8.41552	52	0	82	LastDelay	0.11552	115520	1	4
8.41552	52	0	82	FullDelay	0.11552	115520	1	4
8.41552	5	0	82	LastDelay	0.11552	115520	1	4
8.41552	5	0	82	FullDelay	0.11552	115520	1	4
8.41552	16	0	82	LastDelay	0.11552	115520	1	4
8.41552	16	0	82	FullDelay	0.11552	115520	1	4
8.42888	11	0	83	LastDelay	0.02888	28880	1	1
8.42888	11	0	83	FullDelay	0.02888	28880	1	1
8.43104	91	0	81	LastDelay	0.23104	231040	1	8
8.43104	91	0	81	FullDelay	0.23104	231040	1	8
8.4444	58	0	82	LastDelay	0.1444	144400	1	5
8.4444	58	0	82	FullDelay	0.1444	144400	1	5
8.45776	97	0	83	LastDelay	0.05776	57760	1	2
8.45776	97	0	83	FullDelay	0.05776	57760	1	2
8.46634	88	0	83	LastDelay	0.066336	66336	1	2
8.46634	88	0	83	FullDelay	0.066336	66336	1	2
8.48664	0	0	83	LastDelay	0.08664	86640	1	3
8.48664	0	0	83	FullDelay	0.08664	86640	1	3
8.50216	82	0	82	LastDelay	0.20216	202160	1	7
8.50216	82	0	82	FullDelay	0.20216	202160	1	7
8.51552	52	0	83	LastDelay	0.11552	115520	1	4
8.51552	52	0	83	FullDelay	0.11552	115520	1	4
8.51552	5	0	83	LastDelay	0.11552	115520	1	4
8.51552	5	0	83	FullDelay	0.11552	115520	1	4
8.51552	16	0	83	LastDelay	0.11552	115520	1	4
8.51552	16	0	83	FullDelay	0.11552	115520	1	4
8.52888	11	0	84	LastDelay	0.02888	28880	1	1
8.52888	11	0	84	FullDelay	0.02888	28880	1	1
8.53104	91	0	82	LastDelay	0.23104	231040	1	8
8.53104	91	0	82	FullDelay	0.23104	231040	1	8
8.5444	58	0	83	LastDelay	0.1444	144400	1	5
8.5444	58	0	83	FullDelay	0.1444	144400	1	5
8.55776	97	0	84	LastDelay	0.05776	57760	1	2
8.55776	97	0	84	FullDelay	0.05776	57760	1	2
8.56634	88	0	84	LastDelay	0.066336	66336	1	2
8.56634	88	0	84	FullDelay	0.066336	66336	1	2
8.58664	0	0	84	LastDelay	0.08664	86640	1	3
8.58664	0	0	84	FullDelay	0.08664	86640	1	3
8.60216	82	0	83	LastDelay	0.20216	202160	1	7
8.60216	82	0	83	FullDelay	0.20216	202160	1	7
8.61552	52	0	84	LastDelay	0.11552	115520	1	4
8.61552	52	0	84	FullDelay	0.11552	115520	1	4
8.61552	5	0	84	LastDelay	0.11552	115520	1	4
8.61552	5	0	84	FullDelay	0.11552	115520	1	4
8.61552	16	0	84	LastDelay	0.11552	115520	1	4
8.61552	16	0	84	FullDelay	0.11552	115520	1	4
8.62888	11	0	85	LastDelay	0.02888	28880	1	1
8.62888	11	0	85	FullDelay	0.02888	28880	1	1
8.63104	91	0	83	LastDelay	0.23104	231040	1	8
8.63104	91	0	83	FullDelay	0.23104	231040	1	8
8.6444	58	0	84	LastDelay	0.1444	144400	1	5
8.6444	58	0	84	FullDelay	0.1444	144400	1	5
8.65776	97	0	85	LastDelay	0.05776	57760	1	2
8.65776	97	0	85	FullDelay	0.05776	57760	1	2
8.66634	88	0	85	LastDelay	0.066336	66336	1	2
8.66634	88	0	85	FullDelay	0.066336	66336	1	2
8.68664	0	0	85	LastDelay	0.08664	86640	1	3
8.68664	0	0	85	FullDelay	0.08664	86640	1	3
8.70216	82	0	84	LastDelay	0.20216	202160	1	7
8.70216	82	0	84	FullDelay	0.20216	202160	1	7
8.71552	52	0	85	LastDelay	0.11552	115520	1	4
8.71552	52	0	85	FullDelay	0.11552	115520	1	4
8.71552	5	0	85	LastDelay	0.11552	115520	1	4
8.71552	5	0	85	FullDelay	0.11552	115520	1	4
8.71552	16	0	85	LastDelay	0.11552	115520	1	4
8.71552	16	0	85	FullDelay	0.11552	115520	1	4
8.72888	11	0	86	LastDelay	0.02888	28880	1	1
8.72888	11	0	86	FullDelay	0.02888	28880	1	1
8.73104	91	0	84	LastDelay	0.23104	231040	1	8
8.73104	91	0	84	FullDelay	0.23104	231040	1	8
8.7444	58	0	85	LastDelay	0.1444	144400	1	5
8.7444	58	0	85	FullDelay	0.1444	144400	1	5
8.75776	97	0	86	LastDelay	0.05776	57760	1	2
8.75776	97	0	86	FullDelay	0.05776	57760	1	2
8.76634	88	0	86	LastDelay	0.066336	66336	1	2
8.76634	88	0	86	FullDelay	0.066336	66336	1	2
8.78664	0	0	86	LastDelay	0.08664	86640	1	3
8.78664	0	0	86	FullDelay	0.08664	86640	1	3
8.80216	82	0	85	LastDelay	0.20216	202160	1	7
8.80216	82	0	85	FullDelay	0.20216	202160	1	7
8.81552	52	0	86	LastDelay	0.11552	115520	1	4
8.81552	52	0	86	FullDelay	0.11552	115520	1	4
8.81552	5	0	86	LastDelay	0.11552	115520	1	4
8.81552	5	0	86	FullDelay	0.11552	115520	1	4
8.81552	16	0	86	LastDelay	0.11552	115520	1	4
8.81552	16	0	86	FullDelay	0.11552	115520	1	4
8.82888	11	0	87	LastDelay	0.02888	28880	1	1
8.82888	11	0	87	FullDelay	0.02888	28880	1	1
8.83104	91	0	85	LastDelay	0.23104	231040	1	8
8.83104	91	0	85	FullDelay	0.23104	231040	1	8
8.8444	58	0	86	LastDelay	0.1444	144400	1	5
8.8444	58	0	86	FullDelay	0.1444	144400	1	5
8.85776	97	0	87	LastDelay	0.05776	57760	1	2
8.85776	97	0	87	FullDelay	0.05776	57760	1	2
8.86634	88	0	87	LastDelay	0.066336	66336	1	2
8.86634	88	0	87	FullDelay	0.066336	66336	1	2
8.88664	0	0	87	LastDelay	0.08664	86640	1	3
8.88664	0	0	87	FullDelay	0.08664	86640	1	3
8.90216	82	0	86	LastDelay	0.20216	202160	1	7
8.90216	82	0	86	FullDelay	0.20216	202160	1	7
8.91552	52	0	87	LastDelay	0.11552	115520	1	4
8.91552	52	0	87	FullDelay	0.11552	115520	1	4
8.91552	5	0	87	LastDelay	0.11552	115520	1	4
8.91552	5	0	87	FullDelay	0.11552	115520	1	4
8.91552	16	0	87	LastDelay	0.11552	115520	1	4
8.91552	16	0	87	FullDelay	0.11552	115520	1	4
8.92888	11	0	88	LastDelay	0.02888	28880	1	1
8.92888	11	0	88	FullDelay	0.02888	28880	1	1
8.93104	91	0	86	LastDelay	0.23104	231040	1	8
8.93104	91	0	86	FullDelay	0.23104	231040	1	8
8.9444	58	0	87	LastDelay	0.1444	144400	1	5
8.9444	58	0	87	FullDelay	0.1444	144400	1	5
8.95776	97	0	88	LastDelay	0.05776	57760	1	2
8.95776	97	0	88	FullDelay	0.05776	57760	1	2
8.96634	88	0	88	LastDelay	0.066336	66336	1	2
8.96634	88	0	88	FullDelay	0.066336	66336	1	2
8.98664	0	0	88	LastDelay	0.08664	86640	1	3
8.98664	0	0	88	FullDelay	0.08664	86640	1	3
9.00216	82	0	87	LastDelay	0.20216	202160	1	7
9.00216	82	0	87	FullDelay	0.20216	202160	1	7
9.01552	52	0	88	LastDelay	0.11552	115520	1	4
9.01552	52	0	88	FullDelay	0.11552	115520	1	4
9.01552	5	0	88	LastDelay	0.11552	115520	1	4
9.01552	5	0	88	FullDelay	0.11552	115520	1	4
9.01552	16	0	88	LastDelay	0.11552	115520	1	4
9.01552	16	0	88	FullDelay	0.11552	115520	1	4
9.02888	11	0	89	LastDelay	0.02888	28880	1	1
9.02888	11	0	89	FullDelay	0.02888	28880	1	1
9.03104	91	0	87	LastDelay	0.23104	231040	1	8
9.03104	91	0	87	FullDelay	0.23104	231040	1	8
9.0444	58	0	88	LastDelay	0.1444	144400	1	5
9.0444	58	0	88	FullDelay	0.1444	144400	1	5
9.05776	97	0	89	LastDelay	0.05776	57760	1	2
9.05776	97	0	89	FullDelay	0.05776	57760	1	2
9.06634	88	0	89	LastDelay	0.066336	66336	1	2
9.06634	88	0	89	FullDelay	0.066336	66336	1	2
9.08664	0	0	89	LastDelay	0.08664	86640	1	3
9.08664	0	0	89	FullDelay	0.08664	86640	1	3
9.10216	82	0	88	LastDelay	0.20216	202160	1	7
9.10216	82	0	88	FullDelay	0.20216	202160	1	7
9.11552	52	0	89	LastDelay	0.11552	115520	1	4
9.11552	52	0	89	FullDelay	0.11552	115520	1	4
9.11552	5	0	89	LastDelay	0.11552	115520	1	4
9.11552	5	0	89	FullDelay	0.11552	115520	1	4
9.11552	16	0	89	LastDelay	0.11552	115520	1	4
9.11552	16	0	89	FullDelay	0.11552	115520	1	4
9.12888	11	0	90	LastDelay	0.02888	28880	1	1
9.12888	11	0	90	FullDelay	0.02888	28880	1	1
9.13104	91	0	88	LastDelay	0.23104	231040	1	8
9.13104	91	0	88	FullDelay	0.23104	231040	1	8
9.1444	58	0	89	LastDelay	0.1444	144400	1	5
9.1444	58	0	89	FullDelay	0.1444	144400	1	5
9.15776	97	0	90	LastDelay	0.05776	57760	1	2
9.15776	97	0	90	FullDelay	0.05776	57760	1	2
9.16634	88	0	90	LastDelay	0.066336	66336	1	2
9.16634	88	0	90	FullDelay	0.066336	66336	1	2
9.18664	0	0	90	LastDelay	0.08664	86640	1	3
9.18664	0	0	90	FullDelay	0.08664	86640	1	3
9.20216	82	0	89	LastDelay	0.20216	202160	1	7
9.20216	82	0	89	FullDelay	0.20216	202160	1	7
9.21552	52	0	90	LastDelay	0.11552	115520	1	4
9.21552	52	0	90	FullDelay	0.11552	115520	1	4
9.21552	5	0	90	LastDelay	0.11552	115520	1	4
9.21552	5	0	90	FullDelay	0.11552	115520	1	4
9.21552	16	0	90	LastDelay	0.11552	115520	1	4
9.21552	16	0	90	FullDelay	0.11552	115520	1	4
9.22888	11	0	91	LastDelay	0.02888	28880	1	1
9.22888	11	0	91	FullDelay	0.02888	28880	1	1
9.23104	91	0	89	LastDelay	0.23104	231040	1	8
9.23104	91	0	89	FullDelay	0.23104	231040	1	8
9.2444	58	0	90	LastDelay	0.1444	144400	1	5
9.2444	58	0	90	FullDelay	0.1444	144400	1	5
9.25776	97	0	91	LastDelay	0.05776	57760	1	2
9.25776	97	0	91	FullDelay	0.05776	57760	1	2
9.26634	88	0	91	LastDelay	0.066336	66336	1	2
9.26634	88	0	91	FullDelay	0.066336	66336	1	2
9.28664	0	0	91	LastDelay	0.08664	86640	1	3
9.28664	0	0	91	FullDelay	0.08664	86640	1	3
9.30216	82	0	90	LastDelay	0.20216	202160	1	7
9.30216	82	0	90	FullDelay	0.20216	202160	1	7
9.31552	52	0	91	LastDelay	0.11552	115520	1	4
9.31552	52	0	91	FullDelay	0.11552	115520	1	4
9.31552	5	0	91	LastDelay	0.11552	115520	1	4
9.31552	5	0	91	FullDelay	0.11552	115520	1	4
9.31552	16	0	91	LastDelay	0.11552	115520	1	4
9.31552	16	0	91	FullDelay	0.11552	115520	1	4
9.32888	11	0	92	LastDelay	0.02888	28880	1	1
9.32888	11	0	92	FullDelay	0.02888	28880	1	1
9.33104	91	0	90	LastDelay	0.23104	231040	1	8
9.33104	91	0	90	FullDelay	0.23104	231040	1	8
9.3444	58	0	91	LastDelay	0.1444	144400	1	5
9.3444	58	0	91	FullDelay	0.1444	144400	1	5
9.35776	97	0	92	LastDelay	0.05776	57760	1	2
9.35776	97	0	92	FullDelay	0.05776	57760	1	2
9.36634	88	0	92	LastDelay	0.066336	66336	1	2
9.36634	88	0	92	FullDelay	0.066336	66336	1	2
9.38664	0	0	92	LastDelay	0.08664	86640	1	3
9.38664	0	0	92	FullDelay	0.08664	86640	1	3
9.40216	82	0	91	LastDelay	0.20216	202160	1	7
9.40216	82	0	91	FullDelay	0.20216	202160	1	7
9.41552	52	0	92	LastDelay	0.11552	115520	1	4
9.41552	52	0	92	FullDelay	0.11552	115520	1	4
9.41552	5	0	92	LastDelay	0.11552	115520	1	4
9.41552	5	0	92	FullDelay	0.11552	115520	1	4
9.41552	16	0	92	LastDelay	0.11552	115520	1	4
9.41552	16	0	92	FullDelay	0.11552	115520	1	4
9.42888	11	0	93	LastDelay	0.02888	28880	1	1
9.42888	11	0	93	FullDelay	0.02888	28880	1	1
9.43104	91	0	91	LastDelay	0.23104	231040	1	8
9.43104	91	0	91	FullDelay	0.23104	231040	1	8
9.4444	58	0	92	LastDelay	0.1444	144400	1	5
9.4444	58	0	92	FullDelay	0.1444	144400	1	5
9.45776	97	0	93	LastDelay	0.05776	57760	1	2
9.45776	97	0	93	FullDelay	0.05776	57760	1	2
9.46634	88	0	93	LastDelay	0.066336	66336	1	2
9.46634	88	0	93	FullDelay	0.066336	66336	1	2
9.48664	0	0	93	LastDelay	0.08664	86640	1	3
9.48664	0	0	93	FullDelay	0.08664	86640	1	3
9.50216	82	0	92	LastDelay	0.20216	202160	1	7
9.50216	82	0	92	FullDelay	0.20216	202160	1	7
9.51552	52	0	93	LastDelay	0.11552	115520	1	4
9.51552	52	0	93	FullDelay	0.11552	115520	1	4
9.51552	5	0	93	LastDelay	0.11552	115520	1	4
9.51552	5	0	93	FullDelay	0.11552	115520	1	4
9.51552	16	0	93	LastDelay	0.11552	115520	1	4
9.51552	16	0	93	FullDelay	0.11552	115520	1	4
9.52888	11	0	94	LastDelay	0.02888	28880	1	1
9.52888	11	0	94	FullDelay	0.02888	28880	1	1
9.53104	91	0	92	LastDelay	0.23104	231040	1	8
9.53104	91	0	92	FullDelay	0.23104	231040	1	8
9.5444	58	0	93	LastDelay	0.1444	144400	1	5
9.5444	58	0	93	FullDelay	0.1444	144400	1	5
9.55776	97	0	94	LastDelay	0.05776	57760	1	2
9.55776	97	0	94	FullDelay	0.05776	57760	1	2
9.56634	88	0	94	LastDelay	0.066336	66336	1	2
9.56634	88	0	94	FullDelay	0.066336	66336	1	2
9.58664	0	0	94	LastDelay	0.08664	86640	1	3
9.58664	0	0	94	FullDelay	0.08664	86640	1	3
9.60216	82	0	93	LastDelay	0.20216	202160	1	7
9.60216	82	0	93	FullDelay	0.20216	202160	1	7
9.61552	52	0	94	LastDelay	0.11552	115520	1	4
9.61552	52	0	94	FullDelay	0.11552	115520	1	4
9.61552	5	0	94	LastDelay	0.11552	115520	1	4
9.61552	5	0	94	FullDelay	0.11552	115520	1	4
9.61552	16	0	94	LastDelay	0.11552	115520	1	4
9.61552	16	0	94	FullDelay	0.11552	115520	1	4
9.62888	11	0	95	LastDelay	0.02888	28880	1	1
9.62888	11	0	95	FullDelay	0.02888	28880	1	1
9.63104	91	0	93	LastDelay	0.23104	231040	1	8
9.63104	91	0	93	FullDelay	0.23104	231040	1	8
9.6444	58	0	94	LastDelay	0.1444	144400	1	5
9.6444	58	0	94	FullDelay	0.1444	144400	1	5
9.65776	97	0	95	LastDelay	0.05776	57760	1	2
9.65776	97	0	95	FullDelay	0.05776	57760	1	2
9.66634	88	0	95	LastDelay	0.066336	66336	1	2
9.66634	88	0	95	FullDelay	0.066336	66336	1	2
9.68664	0	0	95	LastDelay	0.08664	86640	1	3
9.68664	0	0	95	FullDelay	0.08664	86640	1	3
9.70216	82	0	94	LastDelay	0.20216	202160	1	7
9.70216	82	0	94	FullDelay	0.20216	202160	1	7
9.71552	52	0	95	LastDelay	0.11552	115520	1	4
9.71552	52	0	95	FullDelay	0.11552	115520	1	4
9.71552	5	0	95	LastDelay	0.11552	115520	1	4
9.71552	5	0	95	FullDelay	0.11552	115520	1	4
9.71552	16	0	95	LastDelay	0.11552	115520	1	4
9.71552	16	0	95	FullDelay	0.11552	115520	1	4
9.72888	11	0	96	LastDelay	0.02888	28880	1	1
9.72888	11	0	96	FullDelay	0.02888	28880	1	1
9.73104	91	0	94	LastDelay	0.23104	231040	1	8
9.73104	91	0	94	FullDelay	0.23104	231040	1	8
9.7444	58	0	95	LastDelay	0.1444	144400	1	5
9.7444	58	0	95	FullDelay	0.1444	144400	1	5
9.75776	97	0	96	LastDelay	0.05776	57760	1	2
9.75776	97	0	96	FullDelay	0.05776	57760	1	2
9.76634	88	0	96	LastDelay	0.066336	66336	1	2
9.76634	88	0	96	FullDelay	0.066336	66336	1	2
9.78664	0	0	96	LastDelay	0.08664	86640	1	3
9.78664	0	0	96	FullDelay	0.08664	86640	1	3
9.80216	82	0	95	LastDelay	0.20216	202160	1	7
9.80216	82	0	95	FullDelay	0.20216	202160	1	7
9.81552	52	0	96	LastDelay	0.11552	115520	1	4
9.81552	52	0	96	FullDelay	0.11552	115520	1	4
9.81552	5	0	96	LastDelay	0.11552	115520	1	4
9.81552	5	0	96	FullDelay	0.11552	115520	1	4
9.81552	16	0	96	LastDelay	0.11552	115520	1	4
9.81552	16	0	96	FullDelay	0.11552	115520	1	4
9.82888	11	0	97	LastDelay	0.02888	28880	1	1
9.82888	11	0	97	FullDelay	0.02888	28880	1	1
9.83104	91	0	95	LastDelay	0.23104	231040	1	8
9.83104	91	0	95	FullDelay	0.23104	231040	1	8
9.8444	58	0	96	LastDelay	0.1444	144400	1	5
9.8444	58	0	96	FullDelay	0.1444	144400	1	5
9.85776	97	0	97	LastDelay	0.05776	57760	1	2
9.85776	97	0	97	FullDelay	0.05776	57760	1	2
9.86634	88	0	97	LastDelay	0.066336	66336	1	2
9.86634	88	0	97	FullDelay	0.066336	66336	1	2
9.88664	0	0	97	LastDelay	0.08664	86640	1	3
9.88664	0	0	97	FullDelay	0.08664	86640	1	3
9.90216	82	0	96	LastDelay	0.20216	202160	1	7
9.90216	82	0	96	FullDelay	0.20216	202160	1	7
9.91552	52	0	97	LastDelay	0.11552	115520	1	4
9.91552	52	0	97	FullDelay	0.11552	115520	1	4
9.91552	5	0	97	LastDelay	0.11552	115520	1	4
9.91552	5	0	97	FullDelay	0.11552	115520	1	4
9.91552	16	0	97	LastDelay	0.11552	115520	1	4
9.91552	16	0	97	FullDelay	0.11552	115520	1	4
9.92888	11	0	98	LastDelay	0.02888	28880	1	1
9.92888	11	0	98	FullDelay	0.02888	28880	1	1
9.93104	91	0	96	LastDelay	0.23104	231040	1	8
9.93104	91	0	96	FullDelay	0.23104	231040	1	8
9.9444	58	0	97	LastDelay	0.1444	144400	1	5
9.9444	58	0	97	FullDelay	0.1444	144400	1	5
9.95776	97	0	98	LastDelay	0.05776	57760	1	2
9.95776	97	0	98	FullDelay	0.05776	57760	1	2
9.96634	88	0	98	LastDelay	0.066336	66336	1	2
9.96634	88	0	98	FullDelay	0.066336	66336	1	2
9.98664	0	0	98	LastDelay	0.08664	86640	1	3
9.98664	0	0	98	FullDelay	0.08664	86640	1	3
