Time	Node	AppId	SeqNo	Type	DelayS	DelayUS	RetxCount	HopCount
0.35992	9	0	1	FullDelay	0.25992	259920	1	9
0.35992	90	0	1	FullDelay	0.25992	259920	1	9
0.3888	8	0	1	FullDelay	0.2888	288800	1	10
0.397376	80	0	1	FullDelay	0.297376	297376	1	10
0.424528	25	0	1	FullDelay	0.324528	324528	1	11
0.45168	15	0	1	FullDelay	0.35168	351680	1	12
0.45992	9	0	2	FullDelay	0.25992	259920	1	9
0.461232	90	0	2	FullDelay	0.261232	261232	1	9
0.4888	8	0	2	FullDelay	0.2888	288800	1	10
0.497376	80	0	2	FullDelay	0.297376	297376	1	10
0.50432	22	0	1	FullDelay	0.40432	404320	1	14
0.524528	25	0	2	FullDelay	0.324528	324528	1	11
0.55168	15	0	2	FullDelay	0.35168	351680	1	12
0.55992	9	0	3	FullDelay	0.25992	259920	1	9
0.561232	90	0	3	FullDelay	0.261232	261232	1	9
0.56208	11	0	1	FullDelay	0.46208	462080	1	16
0.5888	8	0	3	FullDelay	0.2888	288800	1	10
0.59096	1	0	1	FullDelay	0.49096	490960	1	17
0.597376	80	0	3	FullDelay	0.297376	297376	1	10
0.60432	22	0	2	FullDelay	0.40432	404320	1	14
0.61984	0	0	1	FullDelay	0.51984	519840	1	18
0.624528	25	0	3	FullDelay	0.324528	324528	1	11
0.65168	15	0	3	FullDelay	0.35168	351680	1	12
0.65992	9	0	4	FullDelay	0.25992	259920	1	9
0.661232	90	0	4	FullDelay	0.261232	261232	1	9
0.66208	11	0	2	FullDelay	0.46208	462080	1	16
0.6888	8	0	4	FullDelay	0.2888	288800	1	10
0.69096	1	0	2	FullDelay	0.49096	490960	1	17
0.697376	80	0	4	FullDelay	0.297376	297376	1	10
0.70432	22	0	3	FullDelay	0.40432	404320	1	14
0.71984	0	0	2	FullDelay	0.51984	519840	1	18
0.724528	25	0	4	FullDelay	0.324528	324528	1	11
0.75168	15	0	4	FullDelay	0.35168	351680	1	12
0.75992	9	0	5	FullDelay	0.25992	259920	1	9
0.761232	90	0	5	FullDelay	0.261232	261232	1	9
0.76208	11	0	3	FullDelay	0.46208	462080	1	16
0.7888	8	0	5	FullDelay	0.2888	288800	1	10
0.79096	1	0	3	FullDelay	0.49096	490960	1	17
0.797376	80	0	5	FullDelay	0.297376	297376	1	10
0.80432	22	0	4	FullDelay	0.40432	404320	1	14
0.81984	0	0	3	FullDelay	0.51984	519840	1	18
0.824528	25	0	5	FullDelay	0.324528	324528	1	11
0.85168	15	0	5	FullDelay	0.35168	351680	1	12
0.85992	9	0	6	FullDelay	0.25992	259920	1	9
0.861232	90	0	6	FullDelay	0.261232	261232	1	9
0.86208	11	0	4	FullDelay	0.46208	462080	1	16
0.8888	8	0	6	FullDelay	0.2888	288800	1	10
0.89096	1	0	4	FullDelay	0.49096	490960	1	17
0.897376	80	0	6	FullDelay	0.297376	297376	1	10
0.90432	22	0	5	FullDelay	0.40432	404320	1	14
0.91984	0	0	4	FullDelay	0.51984	519840	1	18
0.924528	25	0	6	FullDelay	0.324528	324528	1	11
0.95168	15	0	6	FullDelay	0.35168	351680	1	12
0.95992	9	0	0	FullDelay	0.95992	959920	2	9
0.961232	90	0	0	FullDelay	0.961232	961232	2	9
0.96208	11	0	5	FullDelay	0.46208	462080	1	16
0.9888	8	0	0	FullDelay	0.9888	988800	2	10
0.99096	1	0	5	FullDelay	0.49096	490960	1	17
0.997376	80	0	0	FullDelay	0.997376	997376	2	10
1.00432	22	0	6	FullDelay	0.40432	404320	1	14
1.01984	0	0	5	FullDelay	0.51984	519840	1	18
1.02453	25	0	7	FullDelay	0.324528	324528	1	11
1.05168	15	0	7	FullDelay	0.35168	351680	1	12
1.05992	9	0	7	FullDelay	0.25992	259920	1	9
1.06123	90	0	7	FullDelay	0.261232	261232	1	9
1.06208	11	0	6	FullDelay	0.46208	462080	1	16
1.0888	8	0	7	FullDelay	0.2888	288800	1	10
1.09096	1	0	6	FullDelay	0.49096	490960	1	17
1.09738	80	0	7	FullDelay	0.297376	297376	1	10
1.10432	22	0	7	FullDelay	0.40432	404320	1	14
1.11984	0	0	6	FullDelay	0.51984	519840	1	18
1.12453	25	0	0	FullDelay	1.12453	1.12453e+06	2	11
1.15168	15	0	0	FullDelay	1.15168	1.15168e+06	2	12
1.15992	9	0	8	FullDelay	0.25992	259920	1	9
1.16123	90	0	8	FullDelay	0.261232	261232	1	9
1.16208	11	0	7	FullDelay	0.46208	462080	1	16
1.1888	8	0	8	FullDelay	0.2888	288800	1	10
1.19096	1	0	7	FullDelay	0.49096	490960	1	17
1.19738	80	0	8	FullDelay	0.297376	297376	1	10
1.20432	22	0	8	FullDelay	0.40432	404320	1	14
1.21984	0	0	7	FullDelay	0.51984	519840	1	18
1.22453	25	0	8	FullDelay	0.324528	324528	1	11
1.25168	15	0	8	FullDelay	0.35168	351680	1	12
1.25992	9	0	9	FullDelay	0.25992	259920	1	9
1.26123	90	0	9	FullDelay	0.261232	261232	1	9
1.26208	11	0	8	FullDelay	0.46208	462080	1	16
1.2888	8	0	9	FullDelay	0.2888	288800	1	10
1.29096	1	0	8	FullDelay	0.49096	490960	1	17
1.29738	80	0	9	FullDelay	0.297376	297376	1	10
1.30432	22	0	0	FullDelay	1.30432	1.30432e+06	2	14
1.31984	0	0	8	FullDelay	0.51984	519840	1	18
1.32453	25	0	9	FullDelay	0.324528	324528	1	11
1.35168	15	0	9	FullDelay	0.35168	351680	1	12
1.35992	9	0	10	FullDelay	0.25992	259920	1	9
1.36123	90	0	10	FullDelay	0.261232	261232	1	9
1.36208	11	0	9	FullDelay	0.46208	462080	1	16
1.3888	8	0	10	FullDelay	0.2888	288800	1	10
1.39096	1	0	9	FullDelay	0.49096	490960	1	17
1.39738	80	0	10	FullDelay	0.297376	297376	1	10
1.40432	22	0	9	FullDelay	0.40432	404320	1	14
1.41984	0	0	9	FullDelay	0.51984	519840	1	18
1.42453	25	0	10	FullDelay	0.324528	324528	1	11
1.45168	15	0	10	FullDelay	0.35168	351680	1	12
1.45992	9	0	11	FullDelay	0.25992	259920	1	9
1.46123	90	0	11	FullDelay	0.261232	261232	1	9
1.46208	11	0	0	FullDelay	1.46208	1.46208e+06	2	16
1.4888	8	0	11	FullDelay	0.2888	288800	1	10
1.49096	1	0	0	FullDelay	1.49096	1.49096e+06	2	17
1.49738	80	0	11	FullDelay	0.297376	297376	1	10
1.50432	22	0	10	FullDelay	0.40432	404320	1	14
1.51984	0	0	10	FullDelay	0.51984	519840	1	18
1.52453	25	0	11	FullDelay	0.324528	324528	1	11
1.55168	15	0	11	FullDelay	0.35168	351680	1	12
1.55992	9	0	12	FullDelay	0.25992	259920	1	9
1.56123	90	0	12	FullDelay	0.261232	261232	1	9
1.56208	11	0	10	FullDelay	0.46208	462080	1	16
1.5888	8	0	12	FullDelay	0.2888	288800	1	10
1.59096	1	0	10	FullDelay	0.49096	490960	1	17
1.59738	80	0	12	FullDelay	0.297376	297376	1	10
1.60432	22	0	11	FullDelay	0.40432	404320	1	14
1.61984	0	0	0	FullDelay	1.61984	1.61984e+06	2	18
1.62453	25	0	12	FullDelay	0.324528	324528	1	11
1.65168	15	0	12	FullDelay	0.35168	351680	1	12
1.65992	9	0	13	FullDelay	0.25992	259920	1	9
1.66123	90	0	13	FullDelay	0.261232	261232	1	9
1.66208	11	0	11	FullDelay	0.46208	462080	1	16
1.6888	8	0	13	FullDelay	0.2888	288800	1	10
1.69096	1	0	11	FullDelay	0.49096	490960	1	17
1.69738	80	0	13	FullDelay	0.297376	297376	1	10
1.70432	22	0	12	FullDelay	0.40432	404320	1	14
1.71984	0	0	11	FullDelay	0.51984	519840	1	18
1.72453	25	0	13	FullDelay	0.324528	324528	1	11
1.75168	15	0	13	FullDelay	0.35168	351680	1	12
1.75992	9	0	14	FullDelay	0.25992	259920	1	9
1.76123	90	0	14	FullDelay	0.261232	261232	1	9
1.76208	11	0	12	FullDelay	0.46208	462080	1	16
1.7888	8	0	14	FullDelay	0.2888	288800	1	10
1.79096	1	0	12	FullDelay	0.49096	490960	1	17
1.79738	80	0	14	FullDelay	0.297376	297376	1	10
1.80432	22	0	13	FullDelay	0.40432	404320	1	14
1.81984	0	0	12	FullDelay	0.51984	519840	1	18
1.82453	25	0	14	FullDelay	0.324528	324528	1	11
1.85168	15	0	14	FullDelay	0.35168	351680	1	12
1.85992	9	0	15	FullDelay	0.25992	259920	1	9
1.86123	90	0	15	FullDelay	0.261232	261232	1	9
1.86208	11	0	13	FullDelay	0.46208	462080	1	16
1.8888	8	0	15	FullDelay	0.2888	288800	1	10
1.89096	1	0	13	FullDelay	0.49096	490960	1	17
1.89738	80	0	15	FullDelay	0.297376	297376	1	10
1.90432	22	0	14	FullDelay	0.40432	404320	1	14
1.91984	0	0	13	FullDelay	0.51984	519840	1	18
1.92453	25	0	15	FullDelay	0.324528	324528	1	11
1.95168	15	0	15	FullDelay	0.35168	351680	1	12
1.95992	9	0	16	FullDelay	0.25992	259920	1	9
1.96123	90	0	16	FullDelay	0.261232	261232	1	9
1.96208	11	0	14	FullDelay	0.46208	462080	1	16
1.9888	8	0	16	FullDelay	0.2888	288800	1	10
1.99096	1	0	14	FullDelay	0.49096	490960	1	17
1.99738	80	0	16	FullDelay	0.297376	297376	1	10
2.00432	22	0	15	FullDelay	0.40432	404320	1	14
2.01984	0	0	14	FullDelay	0.51984	519840	1	18
2.02453	25	0	16	FullDelay	0.324528	324528	1	11
2.05168	15	0	16	FullDelay	0.35168	351680	1	12
2.05992	9	0	17	FullDelay	0.25992	259920	1	9
2.06123	90	0	17	FullDelay	0.261232	261232	1	9
2.06208	11	0	15	FullDelay	0.46208	462080	1	16
2.0888	8	0	17	FullDelay	0.2888	288800	1	10
2.09096	1	0	15	FullDelay	0.49096	490960	1	17
2.09738	80	0	17	FullDelay	0.297376	297376	1	10
2.10432	22	0	16	FullDelay	0.40432	404320	1	14
2.11984	0	0	15	FullDelay	0.51984	519840	1	18
2.12453	25	0	17	FullDelay	0.324528	324528	1	11
2.15168	15	0	17	FullDelay	0.35168	351680	1	12
2.15992	9	0	18	FullDelay	0.25992	259920	1	9
2.16123	90	0	18	FullDelay	0.261232	261232	1	9
2.16208	11	0	16	FullDelay	0.46208	462080	1	16
2.1888	8	0	18	FullDelay	0.2888	288800	1	10
2.19096	1	0	16	FullDelay	0.49096	490960	1	17
2.19738	80	0	18	FullDelay	0.297376	297376	1	10
2.20432	22	0	17	FullDelay	0.40432	404320	1	14
2.21984	0	0	16	FullDelay	0.51984	519840	1	18
2.22453	25	0	18	FullDelay	0.324528	324528	1	11
2.25168	15	0	18	FullDelay	0.35168	351680	1	12
2.25992	9	0	19	FullDelay	0.25992	259920	1	9
2.26123	90	0	19	FullDelay	0.261232	261232	1	9
2.26208	11	0	17	FullDelay	0.46208	462080	1	16
2.2888	8	0	19	FullDelay	0.2888	288800	1	10
2.29096	1	0	17	FullDelay	0.49096	490960	1	17
2.29738	80	0	19	FullDelay	0.297376	297376	1	10
2.30432	22	0	18	FullDelay	0.40432	404320	1	14
2.31984	0	0	17	FullDelay	0.51984	519840	1	18
2.32453	25	0	19	FullDelay	0.324528	324528	1	11
2.35168	15	0	19	FullDelay	0.35168	351680	1	12
2.35992	9	0	20	FullDelay	0.25992	259920	1	9
2.36123	90	0	20	FullDelay	0.261232	261232	1	9
2.36208	11	0	18	FullDelay	0.46208	462080	1	16
2.3888	8	0	20	FullDelay	0.2888	288800	1	10
2.39096	1	0	18	FullDelay	0.49096	490960	1	17
2.39738	80	0	20	FullDelay	0.297376	297376	1	10
2.40432	22	0	19	FullDelay	0.40432	404320	1	14
2.41984	0	0	18	FullDelay	0.51984	519840	1	18
2.42453	25	0	20	FullDelay	0.324528	324528	1	11
2.45168	15	0	20	FullDelay	0.35168	351680	1	12
2.45992	9	0	21	FullDelay	0.25992	259920	1	9
2.46123	90	0	21	FullDelay	0.261232	261232	1	9
2.46208	11	0	19	FullDelay	0.46208	462080	1	16
2.4888	8	0	21	FullDelay	0.2888	288800	1	10
2.49096	1	0	19	FullDelay	0.49096	490960	1	17
2.49738	80	0	21	FullDelay	0.297376	297376	1	10
2.50432	22	0	20	FullDelay	0.40432	404320	1	14
2.51984	0	0	19	FullDelay	0.51984	519840	1	18
2.52453	25	0	21	FullDelay	0.324528	324528	1	11
2.55168	15	0	21	FullDelay	0.35168	351680	1	12
2.55992	9	0	22	FullDelay	0.25992	259920	1	9
2.56123	90	0	22	FullDelay	0.261232	261232	1	9
2.56208	11	0	20	FullDelay	0.46208	462080	1	16
2.5888	8	0	22	FullDelay	0.2888	288800	1	10
2.59096	1	0	20	FullDelay	0.49096	490960	1	17
2.59738	80	0	22	FullDelay	0.297376	297376	1	10
2.60432	22	0	21	FullDelay	0.40432	404320	1	14
2.61984	0	0	20	FullDelay	0.51984	519840	1	18
2.62453	25	0	22	FullDelay	0.324528	324528	1	11
2.65168	15	0	22	FullDelay	0.35168	351680	1	12
2.65992	9	0	23	FullDelay	0.25992	259920	1	9
2.66123	90	0	23	FullDelay	0.261232	261232	1	9
2.66208	11	0	21	FullDelay	0.46208	462080	1	16
2.6888	8	0	23	FullDelay	0.2888	288800	1	10
2.69096	1	0	21	FullDelay	0.49096	490960	1	17
2.69738	80	0	23	FullDelay	0.297376	297376	1	10
2.70432	22	0	22	FullDelay	0.40432	404320	1	14
2.71984	0	0	21	FullDelay	0.51984	519840	1	18
2.72453	25	0	23	FullDelay	0.324528	324528	1	11
2.75168	15	0	23	FullDelay	0.35168	351680	1	12
2.75992	9	0	24	FullDelay	0.25992	259920	1	9
2.76123	90	0	24	FullDelay	0.261232	261232	1	9
2.76208	11	0	22	FullDelay	0.46208	462080	1	16
2.7888	8	0	24	FullDelay	0.2888	288800	1	10
2.79096	1	0	22	FullDelay	0.49096	490960	1	17
2.79738	80	0	24	FullDelay	0.297376	297376	1	10
2.80432	22	0	23	FullDelay	0.40432	404320	1	14
2.81984	0	0	22	FullDelay	0.51984	519840	1	18
2.82453	25	0	24	FullDelay	0.324528	324528	1	11
2.85168	15	0	24	FullDelay	0.35168	351680	1	12
2.85992	9	0	25	FullDelay	0.25992	259920	1	9
2.86123	90	0	25	FullDelay	0.261232	261232	1	9
2.86208	11	0	23	FullDelay	0.46208	462080	1	16
2.8888	8	0	25	FullDelay	0.2888	288800	1	10
2.89096	1	0	23	FullDelay	0.49096	490960	1	17
2.89738	80	0	25	FullDelay	0.297376	297376	1	10
2.90432	22	0	24	FullDelay	0.40432	404320	1	14
2.91984	0	0	23	FullDelay	0.51984	519840	1	18
2.92453	25	0	25	FullDelay	0.324528	324528	1	11
2.95168	15	0	25	FullDelay	0.35168	351680	1	12
2.95992	9	0	26	FullDelay	0.25992	259920	1	9
2.96123	90	0	26	FullDelay	0.261232	261232	1	9
2.96208	11	0	24	FullDelay	0.46208	462080	1	16
2.9888	8	0	26	FullDelay	0.2888	288800	1	10
2.99096	1	0	24	FullDelay	0.49096	490960	1	17
2.99738	80	0	26	FullDelay	0.297376	297376	1	10
3.00432	22	0	25	FullDelay	0.40432	404320	1	14
3.01984	0	0	24	FullDelay	0.51984	519840	1	18
3.02453	25	0	26	FullDelay	0.324528	324528	1	11
3.05168	15	0	26	FullDelay	0.35168	351680	1	12
3.05992	9	0	27	FullDelay	0.25992	259920	1	9
3.06123	90	0	27	FullDelay	0.261232	261232	1	9
3.06208	11	0	25	FullDelay	0.46208	462080	1	16
3.0888	8	0	27	FullDelay	0.2888	288800	1	10
3.09096	1	0	25	FullDelay	0.49096	490960	1	17
3.09738	80	0	27	FullDelay	0.297376	297376	1	10
3.10432	22	0	26	FullDelay	0.40432	404320	1	14
3.11984	0	0	25	FullDelay	0.51984	519840	1	18
3.12453	25	0	27	FullDelay	0.324528	324528	1	11
3.15168	15	0	27	FullDelay	0.35168	351680	1	12
3.15992	9	0	28	FullDelay	0.25992	259920	1	9
3.16123	90	0	28	FullDelay	0.261232	261232	1	9
3.16208	11	0	26	FullDelay	0.46208	462080	1	16
3.1888	8	0	28	FullDelay	0.2888	288800	1	10
3.19096	1	0	26	FullDelay	0.49096	490960	1	17
3.19738	80	0	28	FullDelay	0.297376	297376	1	10
3.20432	22	0	27	FullDelay	0.40432	404320	1	14
3.21984	0	0	26	FullDelay	0.51984	519840	1	18
3.22453	25	0	28	FullDelay	0.324528	324528	1	11
3.25168	15	0	28	FullDelay	0.35168	351680	1	12
3.25992	9	0	29	FullDelay	0.25992	259920	1	9
3.26123	90	0	29	FullDelay	0.261232	261232	1	9
3.26208	11	0	27	FullDelay	0.46208	462080	1	16
3.2888	8	0	29	FullDelay	0.2888	288800	1	10
3.29096	1	0	27	FullDelay	0.49096	490960	1	17
3.29738	80	0	29	FullDelay	0.297376	297376	1	10
3.30432	22	0	28	FullDelay	0.40432	404320	1	14
3.31984	0	0	27	FullDelay	0.51984	519840	1	18
3.32453	25	0	29	FullDelay	0.324528	324528	1	11
3.35168	15	0	29	FullDelay	0.35168	351680	1	12
3.35992	9	0	30	FullDelay	0.25992	259920	1	9
3.36123	90	0	30	FullDelay	0.261232	261232	1	9
3.36208	11	0	28	FullDelay	0.46208	462080	1	16
3.3888	8	0	30	FullDelay	0.2888	288800	1	10
3.39096	1	0	28	FullDelay	0.49096	490960	1	17
3.39738	80	0	30	FullDelay	0.297376	297376	1	10
3.40432	22	0	29	FullDelay	0.40432	404320	1	14
3.41984	0	0	28	FullDelay	0.51984	519840	1	18
3.42453	25	0	30	FullDelay	0.324528	324528	1	11
3.45168	15	0	30	FullDelay	0.35168	351680	1	12
3.45992	9	0	31	FullDelay	0.25992	259920	1	9
3.46123	90	0	31	FullDelay	0.261232	261232	1	9
3.46208	11	0	29	FullDelay	0.46208	462080	1	16
3.4888	8	0	31	FullDelay	0.2888	288800	1	10
3.49096	1	0	29	FullDelay	0.49096	490960	1	17
3.49738	80	0	31	FullDelay	0.297376	297376	1	10
3.50432	22	0	30	FullDelay	0.40432	404320	1	14
3.51984	0	0	29	FullDelay	0.51984	519840	1	18
3.52453	25	0	31	FullDelay	0.324528	324528	1	11
3.55168	15	0	31	FullDelay	0.35168	351680	1	12
3.55992	9	0	32	FullDelay	0.25992	259920	1	9
3.56123	90	0	32	FullDelay	0.261232	261232	1	9
3.56208	11	0	30	FullDelay	0.46208	462080	1	16
3.5888	8	0	32	FullDelay	0.2888	288800	1	10
3.59096	1	0	30	FullDelay	0.49096	490960	1	17
3.59738	80	0	32	FullDelay	0.297376	297376	1	10
3.60432	22	0	31	FullDelay	0.40432	404320	1	14
3.61984	0	0	30	FullDelay	0.51984	519840	1	18
3.62453	25	0	32	FullDelay	0.324528	324528	1	11
3.65168	15	0	32	FullDelay	0.35168	351680	1	12
3.65992	9	0	33	FullDelay	0.25992	259920	1	9
3.66123	90	0	33	FullDelay	0.261232	261232	1	9
3.66208	11	0	31	FullDelay	0.46208	462080	1	16
3.6888	8	0	33	FullDelay	0.2888	288800	1	10
3.69096	1	0	31	FullDelay	0.49096	490960	1	17
3.69738	80	0	33	FullDelay	0.297376	297376	1	10
3.70432	22	0	32	FullDelay	0.40432	404320	1	14
3.71984	0	0	31	FullDelay	0.51984	519840	1	18
3.72453	25	0	33	FullDelay	0.324528	324528	1	11
3.75168	15	0	33	FullDelay	0.35168	351680	1	12
3.75992	9	0	34	FullDelay	0.25992	259920	1	9
3.76123	90	0	34	FullDelay	0.261232	261232	1	9
3.76208	11	0	32	FullDelay	0.46208	462080	1	16
3.7888	8	0	34	FullDelay	0.2888	288800	1	10
3.79096	1	0	32	FullDelay	0.49096	490960	1	17
3.79738	80	0	34	FullDelay	0.297376	297376	1	10
3.80432	22	0	33	FullDelay	0.40432	404320	1	14
3.81984	0	0	32	FullDelay	0.51984	519840	1	18
3.82453	25	0	34	FullDelay	0.324528	324528	1	11
3.85168	15	0	34	FullDelay	0.35168	351680	1	12
3.85992	9	0	35	FullDelay	0.25992	259920	1	9
3.86123	90	0	35	FullDelay	0.261232	261232	1	9
3.86208	11	0	33	FullDelay	0.46208	462080	1	16
3.8888	8	0	35	FullDelay	0.2888	288800	1	10
3.89096	1	0	33	FullDelay	0.49096	490960	1	17
3.89738	80	0	35	FullDelay	0.297376	297376	1	10
3.90432	22	0	34	FullDelay	0.40432	404320	1	14
3.91984	0	0	33	FullDelay	0.51984	519840	1	18
3.92453	25	0	35	FullDelay	0.324528	324528	1	11
3.95168	15	0	35	FullDelay	0.35168	351680	1	12
3.95992	9	0	36	FullDelay	0.25992	259920	1	9
3.96123	90	0	36	FullDelay	0.261232	261232	1	9
3.96208	11	0	34	FullDelay	0.46208	462080	1	16
3.9888	8	0	36	FullDelay	0.2888	288800	1	10
3.99096	1	0	34	FullDelay	0.49096	490960	1	17
3.99738	80	0	36	FullDelay	0.297376	297376	1	10
4.00432	22	0	35	FullDelay	0.40432	404320	1	14
4.01984	0	0	34	FullDelay	0.51984	519840	1	18
4.02453	25	0	36	FullDelay	0.324528	324528	1	11
4.05168	15	0	36	FullDelay	0.35168	351680	1	12
4.05992	9	0	37	FullDelay	0.25992	259920	1	9
4.06123	90	0	37	FullDelay	0.261232	261232	1	9
4.06208	11	0	35	FullDelay	0.46208	462080	1	16
4.0888	8	0	37	FullDelay	0.2888	288800	1	10
4.09096	1	0	35	FullDelay	0.49096	490960	1	17
4.09738	80	0	37	FullDelay	0.297376	297376	1	10
4.10432	22	0	36	FullDelay	0.40432	404320	1	14
4.11984	0	0	35	FullDelay	0.51984	519840	1	18
4.12453	25	0	37	FullDelay	0.324528	324528	1	11
4.15168	15	0	37	FullDelay	0.35168	351680	1	12
4.15992	9	0	38	FullDelay	0.25992	259920	1	9
4.16123	90	0	38	FullDelay	0.261232	261232	1	9
4.16208	11	0	36	FullDelay	0.46208	462080	1	16
4.1888	8	0	38	FullDelay	0.2888	288800	1	10
4.19096	1	0	36	FullDelay	0.49096	490960	1	17
4.19738	80	0	38	FullDelay	0.297376	297376	1	10
4.20432	22	0	37	FullDelay	0.40432	404320	1	14
4.21984	0	0	36	FullDelay	0.51984	519840	1	18
4.22453	25	0	38	FullDelay	0.324528	324528	1	11
4.25168	15	0	38	FullDelay	0.35168	351680	1	12
4.25992	9	0	39	FullDelay	0.25992	259920	1	9
4.26123	90	0	39	FullDelay	0.261232	261232	1	9
4.26208	11	0	37	FullDelay	0.46208	462080	1	16
4.2888	8	0	39	FullDelay	0.2888	288800	1	10
4.29096	1	0	37	FullDelay	0.49096	490960	1	17
4.29738	80	0	39	FullDelay	0.297376	297376	1	10
4.30432	22	0	38	FullDelay	0.40432	404320	1	14
4.31984	0	0	37	FullDelay	0.51984	519840	1	18
4.32453	25	0	39	FullDelay	0.324528	324528	1	11
4.35168	15	0	39	FullDelay	0.35168	351680	1	12
4.35992	9	0	40	FullDelay	0.25992	259920	1	9
4.36123	90	0	40	FullDelay	0.261232	261232	1	9
4.36208	11	0	38	FullDelay	0.46208	462080	1	16
4.3888	8	0	40	FullDelay	0.2888	288800	1	10
4.39096	1	0	38	FullDelay	0.49096	490960	1	17
4.39738	80	0	40	FullDelay	0.297376	297376	1	10
4.40432	22	0	39	FullDelay	0.40432	404320	1	14
4.41984	0	0	38	FullDelay	0.51984	519840	1	18
4.42453	25	0	40	FullDelay	0.324528	324528	1	11
4.45168	15	0	40	FullDelay	0.35168	351680	1	12
4.45992	9	0	41	FullDelay	0.25992	259920	1	9
4.46123	90	0	41	FullDelay	0.261232	261232	1	9
4.46208	11	0	39	FullDelay	0.46208	462080	1	16
4.4888	8	0	41	FullDelay	0.2888	288800	1	10
4.49096	1	0	39	FullDelay	0.49096	490960	1	17
4.49738	80	0	41	FullDelay	0.297376	297376	1	10
4.50432	22	0	40	FullDelay	0.40432	404320	1	14
4.51984	0	0	39	FullDelay	0.51984	519840	1	18
4.52453	25	0	41	FullDelay	0.324528	324528	1	11
4.55168	15	0	41	FullDelay	0.35168	351680	1	12
4.55992	9	0	42	FullDelay	0.25992	259920	1	9
4.56123	90	0	42	FullDelay	0.261232	261232	1	9
4.56208	11	0	40	FullDelay	0.46208	462080	1	16
4.5888	8	0	42	FullDelay	0.2888	288800	1	10
4.59096	1	0	40	FullDelay	0.49096	490960	1	17
4.59738	80	0	42	FullDelay	0.297376	297376	1	10
4.60432	22	0	41	FullDelay	0.40432	404320	1	14
4.61984	0	0	40	FullDelay	0.51984	519840	1	18
4.62453	25	0	42	FullDelay	0.324528	324528	1	11
4.65168	15	0	42	FullDelay	0.35168	351680	1	12
4.65992	9	0	43	FullDelay	0.25992	259920	1	9
4.66123	90	0	43	FullDelay	0.261232	261232	1	9
4.66208	11	0	41	FullDelay	0.46208	462080	1	16
4.6888	8	0	43	FullDelay	0.2888	288800	1	10
4.69096	1	0	41	FullDelay	0.49096	490960	1	17
4.69738	80	0	43	FullDelay	0.297376	297376	1	10
4.70432	22	0	42	FullDelay	0.40432	404320	1	14
4.71984	0	0	41	FullDelay	0.51984	519840	1	18
4.72453	25	0	43	FullDelay	0.324528	324528	1	11
4.75168	15	0	43	FullDelay	0.35168	351680	1	12
4.75992	9	0	44	FullDelay	0.25992	259920	1	9
4.76123	90	0	44	FullDelay	0.261232	261232	1	9
4.76208	11	0	42	FullDelay	0.46208	462080	1	16
4.7888	8	0	44	FullDelay	0.2888	288800	1	10
4.79096	1	0	42	FullDelay	0.49096	490960	1	17
4.79738	80	0	44	FullDelay	0.297376	297376	1	10
4.80432	22	0	43	FullDelay	0.40432	404320	1	14
4.81984	0	0	42	FullDelay	0.51984	519840	1	18
4.82453	25	0	44	FullDelay	0.324528	324528	1	11
4.85168	15	0	44	FullDelay	0.35168	351680	1	12
4.85992	9	0	45	FullDelay	0.25992	259920	1	9
4.86123	90	0	45	FullDelay	0.261232	261232	1	9
4.86208	11	0	43	FullDelay	0.46208	462080	1	16
4.8888	8	0	45	FullDelay	0.2888	288800	1	10
4.89096	1	0	43	FullDelay	0.49096	490960	1	17
4.89738	80	0	45	FullDelay	0.297376	297376	1	10
4.90432	22	0	44	FullDelay	0.40432	404320	1	14
4.91984	0	0	43	FullDelay	0.51984	519840	1	18
4.92453	25	0	45	FullDelay	0.324528	324528	1	11
4.95168	15	0	45	FullDelay	0.35168	351680	1	12
4.95992	9	0	46	FullDelay	0.25992	259920	1	9
4.96123	90	0	46	FullDelay	0.261232	261232	1	9
4.96208	11	0	44	FullDelay	0.46208	462080	1	16
4.9888	8	0	46	FullDelay	0.2888	288800	1	10
4.99096	1	0	44	FullDelay	0.49096	490960	1	17
4.99738	80	0	46	FullDelay	0.297376	297376	1	10
5.00432	22	0	45	FullDelay	0.40432	404320	1	14
5.01984	0	0	44	FullDelay	0.51984	519840	1	18
5.02453	25	0	46	FullDelay	0.324528	324528	1	11
5.05168	15	0	46	FullDelay	0.35168	351680	1	12
5.05992	9	0	47	FullDelay	0.25992	259920	1	9
5.06123	90	0	47	FullDelay	0.261232	261232	1	9
5.06208	11	0	45	FullDelay	0.46208	462080	1	16
5.0888	8	0	47	FullDelay	0.2888	288800	1	10
5.09096	1	0	45	FullDelay	0.49096	490960	1	17
5.09738	80	0	47	FullDelay	0.297376	297376	1	10
5.10432	22	0	46	FullDelay	0.40432	404320	1	14
5.11984	0	0	45	FullDelay	0.51984	519840	1	18
5.12453	25	0	47	FullDelay	0.324528	324528	1	11
5.15168	15	0	47	FullDelay	0.35168	351680	1	12
5.15992	9	0	48	FullDelay	0.25992	259920	1	9
5.16123	90	0	48	FullDelay	0.261232	261232	1	9
5.16208	11	0	46	FullDelay	0.46208	462080	1	16
5.1888	8	0	48	FullDelay	0.2888	288800	1	10
5.19096	1	0	46	FullDelay	0.49096	490960	1	17
5.19738	80	0	48	FullDelay	0.297376	297376	1	10
5.20432	22	0	47	FullDelay	0.40432	404320	1	14
5.21984	0	0	46	FullDelay	0.51984	519840	1	18
5.22453	25	0	48	FullDelay	0.324528	324528	1	11
5.25168	15	0	48	FullDelay	0.35168	351680	1	12
5.25992	9	0	49	FullDelay	0.25992	259920	1	9
5.26123	90	0	49	FullDelay	0.261232	261232	1	9
5.26208	11	0	47	FullDelay	0.46208	462080	1	16
5.2888	8	0	49	FullDelay	0.2888	288800	1	10
5.29096	1	0	47	FullDelay	0.49096	490960	1	17
5.29738	80	0	49	FullDelay	0.297376	297376	1	10
5.30432	22	0	48	FullDelay	0.40432	404320	1	14
5.31984	0	0	47	FullDelay	0.51984	519840	1	18
5.32453	25	0	49	FullDelay	0.324528	324528	1	11
5.35168	15	0	49	FullDelay	0.35168	351680	1	12
5.35992	9	0	50	FullDelay	0.25992	259920	1	9
5.36123	90	0	50	FullDelay	0.261232	261232	1	9
5.36208	11	0	48	FullDelay	0.46208	462080	1	16
5.3888	8	0	50	FullDelay	0.2888	288800	1	10
5.39096	1	0	48	FullDelay	0.49096	490960	1	17
5.39738	80	0	50	FullDelay	0.297376	297376	1	10
5.40432	22	0	49	FullDelay	0.40432	404320	1	14
5.41984	0	0	48	FullDelay	0.51984	519840	1	18
5.42453	25	0	50	FullDelay	0.324528	324528	1	11
5.45168	15	0	50	FullDelay	0.35168	351680	1	12
5.45992	9	0	51	FullDelay	0.25992	259920	1	9
5.46123	90	0	51	FullDelay	0.261232	261232	1	9
5.46208	11	0	49	FullDelay	0.46208	462080	1	16
5.4888	8	0	51	FullDelay	0.2888	288800	1	10
5.49096	1	0	49	FullDelay	0.49096	490960	1	17
5.49738	80	0	51	FullDelay	0.297376	297376	1	10
5.50432	22	0	50	FullDelay	0.40432	404320	1	14
5.51984	0	0	49	FullDelay	0.51984	519840	1	18
5.52453	25	0	51	FullDelay	0.324528	324528	1	11
5.55168	15	0	51	FullDelay	0.35168	351680	1	12
5.55992	9	0	52	FullDelay	0.25992	259920	1	9
5.56123	90	0	52	FullDelay	0.261232	261232	1	9
5.56208	11	0	50	FullDelay	0.46208	462080	1	16
5.5888	8	0	52	FullDelay	0.2888	288800	1	10
5.59096	1	0	50	FullDelay	0.49096	490960	1	17
5.59738	80	0	52	FullDelay	0.297376	297376	1	10
5.60432	22	0	51	FullDelay	0.40432	404320	1	14
5.61984	0	0	50	FullDelay	0.51984	519840	1	18
5.62453	25	0	52	FullDelay	0.324528	324528	1	11
5.65168	15	0	52	FullDelay	0.35168	351680	1	12
5.65992	9	0	53	FullDelay	0.25992	259920	1	9
5.66123	90	0	53	FullDelay	0.261232	261232	1	9
5.66208	11	0	51	FullDelay	0.46208	462080	1	16
5.6888	8	0	53	FullDelay	0.2888	288800	1	10
5.69096	1	0	51	FullDelay	0.49096	490960	1	17
5.69738	80	0	53	FullDelay	0.297376	297376	1	10
5.70432	22	0	52	FullDelay	0.40432	404320	1	14
5.71984	0	0	51	FullDelay	0.51984	519840	1	18
5.72453	25	0	53	FullDelay	0.324528	324528	1	11
5.75168	15	0	53	FullDelay	0.35168	351680	1	12
5.75992	9	0	54	FullDelay	0.25992	259920	1	9
5.76123	90	0	54	FullDelay	0.261232	261232	1	9
5.76208	11	0	52	FullDelay	0.46208	462080	1	16
5.7888	8	0	54	FullDelay	0.2888	288800	1	10
5.79096	1	0	52	FullDelay	0.49096	490960	1	17
5.79738	80	0	54	FullDelay	0.297376	297376	1	10
5.80432	22	0	53	FullDelay	0.40432	404320	1	14
5.81984	0	0	52	FullDelay	0.51984	519840	1	18
5.82453	25	0	54	FullDelay	0.324528	324528	1	11
5.85168	15	0	54	FullDelay	0.35168	351680	1	12
5.85992	9	0	55	FullDelay	0.25992	259920	1	9
5.86123	90	0	55	FullDelay	0.261232	261232	1	9
5.86208	11	0	53	FullDelay	0.46208	462080	1	16
5.8888	8	0	55	FullDelay	0.2888	288800	1	10
5.89096	1	0	53	FullDelay	0.49096	490960	1	17
5.89738	80	0	55	FullDelay	0.297376	297376	1	10
5.90432	22	0	54	FullDelay	0.40432	404320	1	14
5.91984	0	0	53	FullDelay	0.51984	519840	1	18
5.92453	25	0	55	FullDelay	0.324528	324528	1	11
5.95168	15	0	55	FullDelay	0.35168	351680	1	12
5.95992	9	0	56	FullDelay	0.25992	259920	1	9
5.96123	90	0	56	FullDelay	0.261232	261232	1	9
5.96208	11	0	54	FullDelay	0.46208	462080	1	16
5.9888	8	0	56	FullDelay	0.2888	288800	1	10
5.99096	1	0	54	FullDelay	0.49096	490960	1	17
5.99738	80	0	56	FullDelay	0.297376	297376	1	10
6.00432	22	0	55	FullDelay	0.40432	404320	1	14
6.01984	0	0	54	FullDelay	0.51984	519840	1	18
6.02453	25	0	56	FullDelay	0.324528	324528	1	11
6.05168	15	0	56	FullDelay	0.35168	351680	1	12
6.05992	9	0	57	FullDelay	0.25992	259920	1	9
6.06123	90	0	57	FullDelay	0.261232	261232	1	9
6.06208	11	0	55	FullDelay	0.46208	462080	1	16
6.0888	8	0	57	FullDelay	0.2888	288800	1	10
6.09096	1	0	55	FullDelay	0.49096	490960	1	17
6.09738	80	0	57	FullDelay	0.297376	297376	1	10
6.10432	22	0	56	FullDelay	0.40432	404320	1	14
6.11984	0	0	55	FullDelay	0.51984	519840	1	18
6.12453	25	0	57	FullDelay	0.324528	324528	1	11
6.15168	15	0	57	FullDelay	0.35168	351680	1	12
6.15992	9	0	58	FullDelay	0.25992	259920	1	9
6.16123	90	0	58	FullDelay	0.261232	261232	1	9
6.16208	11	0	56	FullDelay	0.46208	462080	1	16
6.1888	8	0	58	FullDelay	0.2888	288800	1	10
6.19096	1	0	56	FullDelay	0.49096	490960	1	17
6.19738	80	0	58	FullDelay	0.297376	297376	1	10
6.20432	22	0	57	FullDelay	0.40432	404320	1	14
6.21984	0	0	56	FullDelay	0.51984	519840	1	18
6.22453	25	0	58	FullDelay	0.324528	324528	1	11
6.25168	15	0	58	FullDelay	0.35168	351680	1	12
6.25992	9	0	59	FullDelay	0.25992	259920	1	9
6.26123	90	0	59	FullDelay	0.261232	261232	1	9
6.26208	11	0	57	FullDelay	0.46208	462080	1	16
6.2888	8	0	59	FullDelay	0.2888	288800	1	10
6.29096	1	0	57	FullDelay	0.49096	490960	1	17
6.29738	80	0	59	FullDelay	0.297376	297376	1	10
6.30432	22	0	58	FullDelay	0.40432	404320	1	14
6.31984	0	0	57	FullDelay	0.51984	519840	1	18
6.32453	25	0	59	FullDelay	0.324528	324528	1	11
6.35168	15	0	59	FullDelay	0.35168	351680	1	12
6.35992	9	0	60	FullDelay	0.25992	259920	1	9
6.36123	90	0	60	FullDelay	0.261232	261232	1	9
6.36208	11	0	58	FullDelay	0.46208	462080	1	16
6.3888	8	0	60	FullDelay	0.2888	288800	1	10
6.39096	1	0	58	FullDelay	0.49096	490960	1	17
6.39738	80	0	60	FullDelay	0.297376	297376	1	10
6.40432	22	0	59	FullDelay	0.40432	404320	1	14
6.41984	0	0	58	FullDelay	0.51984	519840	1	18
6.42453	25	0	60	FullDelay	0.324528	324528	1	11
6.45168	15	0	60	FullDelay	0.35168	351680	1	12
6.45992	9	0	61	FullDelay	0.25992	259920	1	9
6.46123	90	0	61	FullDelay	0.261232	261232	1	9
6.46208	11	0	59	FullDelay	0.46208	462080	1	16
6.4888	8	0	61	FullDelay	0.2888	288800	1	10
6.49096	1	0	59	FullDelay	0.49096	490960	1	17
6.49738	80	0	61	FullDelay	0.297376	297376	1	10
6.50432	22	0	60	FullDelay	0.40432	404320	1	14
6.51984	0	0	59	FullDelay	0.51984	519840	1	18
6.52453	25	0	61	FullDelay	0.324528	324528	1	11
6.55168	15	0	61	FullDelay	0.35168	351680	1	12
6.55992	9	0	62	FullDelay	0.25992	259920	1	9
6.56123	90	0	62	FullDelay	0.261232	261232	1	9
6.56208	11	0	60	FullDelay	0.46208	462080	1	16
6.5888	8	0	62	FullDelay	0.2888	288800	1	10
6.59096	1	0	60	FullDelay	0.49096	490960	1	17
6.59738	80	0	62	FullDelay	0.297376	297376	1	10
6.60432	22	0	61	FullDelay	0.40432	404320	1	14
6.61984	0	0	60	FullDelay	0.51984	519840	1	18
6.62453	25	0	62	FullDelay	0.324528	324528	1	11
6.65168	15	0	62	FullDelay	0.35168	351680	1	12
6.65992	9	0	63	FullDelay	0.25992	259920	1	9
6.66123	90	0	63	FullDelay	0.261232	261232	1	9
6.66208	11	0	61	FullDelay	0.46208	462080	1	16
6.6888	8	0	63	FullDelay	0.2888	288800	1	10
6.69096	1	0	61	FullDelay	0.49096	490960	1	17
6.69738	80	0	63	FullDelay	0.297376	297376	1	10
6.70432	22	0	62	FullDelay	0.40432	404320	1	14
6.71984	0	0	61	FullDelay	0.51984	519840	1	18
6.72453	25	0	63	FullDelay	0.324528	324528	1	11
6.75168	15	0	63	FullDelay	0.35168	351680	1	12
6.75992	9	0	64	FullDelay	0.25992	259920	1	9
6.76123	90	0	64	FullDelay	0.261232	261232	1	9
6.76208	11	0	62	FullDelay	0.46208	462080	1	16
6.7888	8	0	64	FullDelay	0.2888	288800	1	10
6.79096	1	0	62	FullDelay	0.49096	490960	1	17
6.79738	80	0	64	FullDelay	0.297376	297376	1	10
6.80432	22	0	63	FullDelay	0.40432	404320	1	14
6.81984	0	0	62	FullDelay	0.51984	519840	1	18
6.82453	25	0	64	FullDelay	0.324528	324528	1	11
6.85168	15	0	64	FullDelay	0.35168	351680	1	12
6.85992	9	0	65	FullDelay	0.25992	259920	1	9
6.86123	90	0	65	FullDelay	0.261232	261232	1	9
6.86208	11	0	63	FullDelay	0.46208	462080	1	16
6.8888	8	0	65	FullDelay	0.2888	288800	1	10
6.89096	1	0	63	FullDelay	0.49096	490960	1	17
6.89738	80	0	65	FullDelay	0.297376	297376	1	10
6.90432	22	0	64	FullDelay	0.40432	404320	1	14
6.91984	0	0	63	FullDelay	0.51984	519840	1	18
6.92453	25	0	65	FullDelay	0.324528	324528	1	11
6.95168	15	0	65	FullDelay	0.35168	351680	1	12
6.95992	9	0	66	FullDelay	0.25992	259920	1	9
6.96123	90	0	66	FullDelay	0.261232	261232	1	9
6.96208	11	0	64	FullDelay	0.46208	462080	1	16
6.9888	8	0	66	FullDelay	0.2888	288800	1	10
6.99096	1	0	64	FullDelay	0.49096	490960	1	17
6.99738	80	0	66	FullDelay	0.297376	297376	1	10
7.00432	22	0	65	FullDelay	0.40432	404320	1	14
7.01984	0	0	64	FullDelay	0.51984	519840	1	18
7.02453	25	0	66	FullDelay	0.324528	324528	1	11
7.05168	15	0	66	FullDelay	0.35168	351680	1	12
7.05992	9	0	67	FullDelay	0.25992	259920	1	9
7.06123	90	0	67	FullDelay	0.261232	261232	1	9
7.06208	11	0	65	FullDelay	0.46208	462080	1	16
7.0888	8	0	67	FullDelay	0.2888	288800	1	10
7.09096	1	0	65	FullDelay	0.49096	490960	1	17
7.09738	80	0	67	FullDelay	0.297376	297376	1	10
7.10432	22	0	66	FullDelay	0.40432	404320	1	14
7.11984	0	0	65	FullDelay	0.51984	519840	1	18
7.12453	25	0	67	FullDelay	0.324528	324528	1	11
7.15168	15	0	67	FullDelay	0.35168	351680	1	12
7.15992	9	0	68	FullDelay	0.25992	259920	1	9
7.16123	90	0	68	FullDelay	0.261232	261232	1	9
7.16208	11	0	66	FullDelay	0.46208	462080	1	16
7.1888	8	0	68	FullDelay	0.2888	288800	1	10
7.19096	1	0	66	FullDelay	0.49096	490960	1	17
7.19738	80	0	68	FullDelay	0.297376	297376	1	10
7.20432	22	0	67	FullDelay	0.40432	404320	1	14
7.21984	0	0	66	FullDelay	0.51984	519840	1	18
7.22453	25	0	68	FullDelay	0.324528	324528	1	11
7.25168	15	0	68	FullDelay	0.35168	351680	1	12
7.25992	9	0	69	FullDelay	0.25992	259920	1	9
7.26123	90	0	69	FullDelay	0.261232	261232	1	9
7.26208	11	0	67	FullDelay	0.46208	462080	1	16
7.2888	8	0	69	FullDelay	0.2888	288800	1	10
7.29096	1	0	67	FullDelay	0.49096	490960	1	17
7.29738	80	0	69	FullDelay	0.297376	297376	1	10
7.30432	22	0	68	FullDelay	0.40432	404320	1	14
7.31984	0	0	67	FullDelay	0.51984	519840	1	18
7.32453	25	0	69	FullDelay	0.324528	324528	1	11
7.35168	15	0	69	FullDelay	0.35168	351680	1	12
7.35992	9	0	70	FullDelay	0.25992	259920	1	9
7.36123	90	0	70	FullDelay	0.261232	261232	1	9
7.36208	11	0	68	FullDelay	0.46208	462080	1	16
7.3888	8	0	70	FullDelay	0.2888	288800	1	10
7.39096	1	0	68	FullDelay	0.49096	490960	1	17
7.39738	80	0	70	FullDelay	0.297376	297376	1	10
7.40432	22	0	69	FullDelay	0.40432	404320	1	14
7.41984	0	0	68	FullDelay	0.51984	519840	1	18
7.42453	25	0	70	FullDelay	0.324528	324528	1	11
7.45168	15	0	70	FullDelay	0.35168	351680	1	12
7.45992	9	0	71	FullDelay	0.25992	259920	1	9
7.46123	90	0	71	FullDelay	0.261232	261232	1	9
7.46208	11	0	69	FullDelay	0.46208	462080	1	16
7.4888	8	0	71	FullDelay	0.2888	288800	1	10
7.49096	1	0	69	FullDelay	0.49096	490960	1	17
7.49738	80	0	71	FullDelay	0.297376	297376	1	10
7.50432	22	0	70	FullDelay	0.40432	404320	1	14
7.51984	0	0	69	FullDelay	0.51984	519840	1	18
7.52453	25	0	71	FullDelay	0.324528	324528	1	11
7.55168	15	0	71	FullDelay	0.35168	351680	1	12
7.55992	9	0	72	FullDelay	0.25992	259920	1	9
7.56123	90	0	72	FullDelay	0.261232	261232	1	9
7.56208	11	0	70	FullDelay	0.46208	462080	1	16
7.5888	8	0	72	FullDelay	0.2888	288800	1	10
7.59096	1	0	70	FullDelay	0.49096	490960	1	17
7.59738	80	0	72	FullDelay	0.297376	297376	1	10
7.60432	22	0	71	FullDelay	0.40432	404320	1	14
7.61984	0	0	70	FullDelay	0.51984	519840	1	18
7.62453	25	0	72	FullDelay	0.324528	324528	1	11
7.65168	15	0	72	FullDelay	0.35168	351680	1	12
7.65992	9	0	73	FullDelay	0.25992	259920	1	9
7.66123	90	0	73	FullDelay	0.261232	261232	1	9
7.66208	11	0	71	FullDelay	0.46208	462080	1	16
7.6888	8	0	73	FullDelay	0.2888	288800	1	10
7.69096	1	0	71	FullDelay	0.49096	490960	1	17
7.69738	80	0	73	FullDelay	0.297376	297376	1	10
7.70432	22	0	72	FullDelay	0.40432	404320	1	14
7.71984	0	0	71	FullDelay	0.51984	519840	1	18
7.72453	25	0	73	FullDelay	0.324528	324528	1	11
7.75168	15	0	73	FullDelay	0.35168	351680	1	12
7.75992	9	0	74	FullDelay	0.25992	259920	1	9
7.76123	90	0	74	FullDelay	0.261232	261232	1	9
7.76208	11	0	72	FullDelay	0.46208	462080	1	16
7.7888	8	0	74	FullDelay	0.2888	288800	1	10
7.79096	1	0	72	FullDelay	0.49096	490960	1	17
7.79738	80	0	74	FullDelay	0.297376	297376	1	10
7.80432	22	0	73	FullDelay	0.40432	404320	1	14
7.81984	0	0	72	FullDelay	0.51984	519840	1	18
7.82453	25	0	74	FullDelay	0.324528	324528	1	11
7.85168	15	0	74	FullDelay	0.35168	351680	1	12
7.85992	9	0	75	FullDelay	0.25992	259920	1	9
7.86123	90	0	75	FullDelay	0.261232	261232	1	9
7.86208	11	0	73	FullDelay	0.46208	462080	1	16
7.8888	8	0	75	FullDelay	0.2888	288800	1	10
7.89096	1	0	73	FullDelay	0.49096	490960	1	17
7.89738	80	0	75	FullDelay	0.297376	297376	1	10
7.90432	22	0	74	FullDelay	0.40432	404320	1	14
7.91984	0	0	73	FullDelay	0.51984	519840	1	18
7.92453	25	0	75	FullDelay	0.324528	324528	1	11
7.95168	15	0	75	FullDelay	0.35168	351680	1	12
7.95992	9	0	76	FullDelay	0.25992	259920	1	9
7.96123	90	0	76	FullDelay	0.261232	261232	1	9
7.96208	11	0	74	FullDelay	0.46208	462080	1	16
7.9888	8	0	76	FullDelay	0.2888	288800	1	10
7.99096	1	0	74	FullDelay	0.49096	490960	1	17
7.99738	80	0	76	FullDelay	0.297376	297376	1	10
8.00432	22	0	75	FullDelay	0.40432	404320	1	14
8.01984	0	0	74	FullDelay	0.51984	519840	1	18
8.02453	25	0	76	FullDelay	0.324528	324528	1	11
8.05168	15	0	76	FullDelay	0.35168	351680	1	12
8.05992	9	0	77	FullDelay	0.25992	259920	1	9
8.06123	90	0	77	FullDelay	0.261232	261232	1	9
8.06208	11	0	75	FullDelay	0.46208	462080	1	16
8.0888	8	0	77	FullDelay	0.2888	288800	1	10
8.09096	1	0	75	FullDelay	0.49096	490960	1	17
8.09738	80	0	77	FullDelay	0.297376	297376	1	10
8.10432	22	0	76	FullDelay	0.40432	404320	1	14
8.11984	0	0	75	FullDelay	0.51984	519840	1	18
8.12453	25	0	77	FullDelay	0.324528	324528	1	11
8.15168	15	0	77	FullDelay	0.35168	351680	1	12
8.15992	9	0	78	FullDelay	0.25992	259920	1	9
8.16123	90	0	78	FullDelay	0.261232	261232	1	9
8.16208	11	0	76	FullDelay	0.46208	462080	1	16
8.1888	8	0	78	FullDelay	0.2888	288800	1	10
8.19096	1	0	76	FullDelay	0.49096	490960	1	17
8.19738	80	0	78	FullDelay	0.297376	297376	1	10
8.20432	22	0	77	FullDelay	0.40432	404320	1	14
8.21984	0	0	76	FullDelay	0.51984	519840	1	18
8.22453	25	0	78	FullDelay	0.324528	324528	1	11
8.25168	15	0	78	FullDelay	0.35168	351680	1	12
8.25992	9	0	79	FullDelay	0.25992	259920	1	9
8.26123	90	0	79	FullDelay	0.261232	261232	1	9
8.26208	11	0	77	FullDelay	0.46208	462080	1	16
8.2888	8	0	79	FullDelay	0.2888	288800	1	10
8.29096	1	0	77	FullDelay	0.49096	490960	1	17
8.29738	80	0	79	FullDelay	0.297376	297376	1	10
8.30432	22	0	78	FullDelay	0.40432	404320	1	14
8.31984	0	0	77	FullDelay	0.51984	519840	1	18
8.32453	25	0	79	FullDelay	0.324528	324528	1	11
8.35168	15	0	79	FullDelay	0.35168	351680	1	12
8.35992	9	0	80	FullDelay	0.25992	259920	1	9
8.36123	90	0	80	FullDelay	0.261232	261232	1	9
8.36208	11	0	78	FullDelay	0.46208	462080	1	16
8.3888	8	0	80	FullDelay	0.2888	288800	1	10
8.39096	1	0	78	FullDelay	0.49096	490960	1	17
8.39738	80	0	80	FullDelay	0.297376	297376	1	10
8.40432	22	0	79	FullDelay	0.40432	404320	1	14
8.41984	0	0	78	FullDelay	0.51984	519840	1	18
8.42453	25	0	80	FullDelay	0.324528	324528	1	11
8.45168	15	0	80	FullDelay	0.35168	351680	1	12
8.45992	9	0	81	FullDelay	0.25992	259920	1	9
8.46123	90	0	81	FullDelay	0.261232	261232	1	9
8.46208	11	0	79	FullDelay	0.46208	462080	1	16
8.4888	8	0	81	FullDelay	0.2888	288800	1	10
8.49096	1	0	79	FullDelay	0.49096	490960	1	17
8.49738	80	0	81	FullDelay	0.297376	297376	1	10
8.50432	22	0	80	FullDelay	0.40432	404320	1	14
8.51984	0	0	79	FullDelay	0.51984	519840	1	18
8.52453	25	0	81	FullDelay	0.324528	324528	1	11
8.55168	15	0	81	FullDelay	0.35168	351680	1	12
8.55992	9	0	82	FullDelay	0.25992	259920	1	9
8.56123	90	0	82	FullDelay	0.261232	261232	1	9
8.56208	11	0	80	FullDelay	0.46208	462080	1	16
8.5888	8	0	82	FullDelay	0.2888	288800	1	10
8.59096	1	0	80	FullDelay	0.49096	490960	1	17
8.59738	80	0	82	FullDelay	0.297376	297376	1	10
8.60432	22	0	81	FullDelay	0.40432	404320	1	14
8.61984	0	0	80	FullDelay	0.51984	519840	1	18
8.62453	25	0	82	FullDelay	0.324528	324528	1	11
8.65168	15	0	82	FullDelay	0.35168	351680	1	12
8.65992	9	0	83	FullDelay	0.25992	259920	1	9
8.66123	90	0	83	FullDelay	0.261232	261232	1	9
8.66208	11	0	81	FullDelay	0.46208	462080	1	16
8.6888	8	0	83	FullDelay	0.2888	288800	1	10
8.69096	1	0	81	FullDelay	0.49096	490960	1	17
8.69738	80	0	83	FullDelay	0.297376	297376	1	10
8.70432	22	0	82	FullDelay	0.40432	404320	1	14
8.71984	0	0	81	FullDelay	0.51984	519840	1	18
8.72453	25	0	83	FullDelay	0.324528	324528	1	11
8.75168	15	0	83	FullDelay	0.35168	351680	1	12
8.75992	9	0	84	FullDelay	0.25992	259920	1	9
8.76123	90	0	84	FullDelay	0.261232	261232	1	9
8.76208	11	0	82	FullDelay	0.46208	462080	1	16
8.7888	8	0	84	FullDelay	0.2888	288800	1	10
8.79096	1	0	82	FullDelay	0.49096	490960	1	17
8.79738	80	0	84	FullDelay	0.297376	297376	1	10
8.80432	22	0	83	FullDelay	0.40432	404320	1	14
8.81984	0	0	82	FullDelay	0.51984	519840	1	18
8.82453	25	0	84	FullDelay	0.324528	324528	1	11
8.85168	15	0	84	FullDelay	0.35168	351680	1	12
8.85992	9	0	85	FullDelay	0.25992	259920	1	9
8.86123	90	0	85	FullDelay	0.261232	261232	1	9
8.86208	11	0	83	FullDelay	0.46208	462080	1	16
8.8888	8	0	85	FullDelay	0.2888	288800	1	10
8.89096	1	0	83	FullDelay	0.49096	490960	1	17
8.89738	80	0	85	FullDelay	0.297376	297376	1	10
8.90432	22	0	84	FullDelay	0.40432	404320	1	14
8.91984	0	0	83	FullDelay	0.51984	519840	1	18
8.92453	25	0	85	FullDelay	0.324528	324528	1	11
8.95168	15	0	85	FullDelay	0.35168	351680	1	12
8.95992	9	0	86	FullDelay	0.25992	259920	1	9
8.96123	90	0	86	FullDelay	0.261232	261232	1	9
8.96208	11	0	84	FullDelay	0.46208	462080	1	16
8.9888	8	0	86	FullDelay	0.2888	288800	1	10
8.99096	1	0	84	FullDelay	0.49096	490960	1	17
8.99738	80	0	86	FullDelay	0.297376	297376	1	10
9.00432	22	0	85	FullDelay	0.40432	404320	1	14
9.01984	0	0	84	FullDelay	0.51984	519840	1	18
9.02453	25	0	86	FullDelay	0.324528	324528	1	11
9.05168	15	0	86	FullDelay	0.35168	351680	1	12
9.05992	9	0	87	FullDelay	0.25992	259920	1	9
9.06123	90	0	87	FullDelay	0.261232	261232	1	9
9.06208	11	0	85	FullDelay	0.46208	462080	1	16
9.0888	8	0	87	FullDelay	0.2888	288800	1	10
9.09096	1	0	85	FullDelay	0.49096	490960	1	17
9.09738	80	0	87	FullDelay	0.297376	297376	1	10
9.10432	22	0	86	FullDelay	0.40432	404320	1	14
9.11984	0	0	85	FullDelay	0.51984	519840	1	18
9.12453	25	0	87	FullDelay	0.324528	324528	1	11
9.15168	15	0	87	FullDelay	0.35168	351680	1	12
9.15992	9	0	88	FullDelay	0.25992	259920	1	9
9.16123	90	0	88	FullDelay	0.261232	261232	1	9
9.16208	11	0	86	FullDelay	0.46208	462080	1	16
9.1888	8	0	88	FullDelay	0.2888	288800	1	10
9.19096	1	0	86	FullDelay	0.49096	490960	1	17
9.19738	80	0	88	FullDelay	0.297376	297376	1	10
9.20432	22	0	87	FullDelay	0.40432	404320	1	14
9.21984	0	0	86	FullDelay	0.51984	519840	1	18
9.22453	25	0	88	FullDelay	0.324528	324528	1	11
9.25168	15	0	88	FullDelay	0.35168	351680	1	12
9.25992	9	0	89	FullDelay	0.25992	259920	1	9
9.26123	90	0	89	FullDelay	0.261232	261232	1	9
9.26208	11	0	87	FullDelay	0.46208	462080	1	16
9.2888	8	0	89	FullDelay	0.2888	288800	1	10
9.29096	1	0	87	FullDelay	0.49096	490960	1	17
9.29738	80	0	89	FullDelay	0.297376	297376	1	10
9.30432	22	0	88	FullDelay	0.40432	404320	1	14
9.31984	0	0	87	FullDelay	0.51984	519840	1	18
9.32453	25	0	89	FullDelay	0.324528	324528	1	11
9.35168	15	0	89	FullDelay	0.35168	351680	1	12
9.35992	9	0	90	FullDelay	0.25992	259920	1	9
9.36123	90	0	90	FullDelay	0.261232	261232	1	9
9.36208	11	0	88	FullDelay	0.46208	462080	1	16
9.3888	8	0	90	FullDelay	0.2888	288800	1	10
9.39096	1	0	88	FullDelay	0.49096	490960	1	17
9.39738	80	0	90	FullDelay	0.297376	297376	1	10
9.40432	22	0	89	FullDelay	0.40432	404320	1	14
9.41984	0	0	88	FullDelay	0.51984	519840	1	18
9.42453	25	0	90	FullDelay	0.324528	324528	1	11
9.45168	15	0	90	FullDelay	0.35168	351680	1	12
9.45992	9	0	91	FullDelay	0.25992	259920	1	9
9.46123	90	0	91	FullDelay	0.261232	261232	1	9
9.46208	11	0	89	FullDelay	0.46208	462080	1	16
9.4888	8	0	91	FullDelay	0.2888	288800	1	10
9.49096	1	0	89	FullDelay	0.49096	490960	1	17
9.49738	80	0	91	FullDelay	0.297376	297376	1	10
9.50432	22	0	90	FullDelay	0.40432	404320	1	14
9.51984	0	0	89	FullDelay	0.51984	519840	1	18
9.52453	25	0	91	FullDelay	0.324528	324528	1	11
9.55168	15	0	91	FullDelay	0.35168	351680	1	12
9.55992	9	0	92	FullDelay	0.25992	259920	1	9
9.56123	90	0	92	FullDelay	0.261232	261232	1	9
9.56208	11	0	90	FullDelay	0.46208	462080	1	16
9.5888	8	0	92	FullDelay	0.2888	288800	1	10
9.59096	1	0	90	FullDelay	0.49096	490960	1	17
9.59738	80	0	92	FullDelay	0.297376	297376	1	10
9.60432	22	0	91	FullDelay	0.40432	404320	1	14
9.61984	0	0	90	FullDelay	0.51984	519840	1	18
9.62453	25	0	92	FullDelay	0.324528	324528	1	11
9.65168	15	0	92	FullDelay	0.35168	351680	1	12
9.65992	9	0	93	FullDelay	0.25992	259920	1	9
9.66123	90	0	93	FullDelay	0.261232	261232	1	9
9.66208	11	0	91	FullDelay	0.46208	462080	1	16
9.6888	8	0	93	FullDelay	0.2888	288800	1	10
9.69096	1	0	91	FullDelay	0.49096	490960	1	17
9.69738	80	0	93	FullDelay	0.297376	297376	1	10
9.70432	22	0	92	FullDelay	0.40432	404320	1	14
9.71984	0	0	91	FullDelay	0.51984	519840	1	18
9.72453	25	0	93	FullDelay	0.324528	324528	1	11
9.75168	15	0	93	FullDelay	0.35168	351680	1	12
9.75992	9	0	94	FullDelay	0.25992	259920	1	9
9.76123	90	0	94	FullDelay	0.261232	261232	1	9
9.76208	11	0	92	FullDelay	0.46208	462080	1	16
9.7888	8	0	94	FullDelay	0.2888	288800	1	10
9.79096	1	0	92	FullDelay	0.49096	490960	1	17
9.79738	80	0	94	FullDelay	0.297376	297376	1	10
9.80432	22	0	93	FullDelay	0.40432	404320	1	14
9.81984	0	0	92	FullDelay	0.51984	519840	1	18
9.82453	25	0	94	FullDelay	0.324528	324528	1	11
9.85168	15	0	94	FullDelay	0.35168	351680	1	12
9.85992	9	0	95	FullDelay	0.25992	259920	1	9
9.86123	90	0	95	FullDelay	0.261232	261232	1	9
9.86208	11	0	93	FullDelay	0.46208	462080	1	16
9.8888	8	0	95	FullDelay	0.2888	288800	1	10
9.89096	1	0	93	FullDelay	0.49096	490960	1	17
9.89738	80	0	95	FullDelay	0.297376	297376	1	10
9.90432	22	0	94	FullDelay	0.40432	404320	1	14
9.91984	0	0	93	FullDelay	0.51984	519840	1	18
9.92453	25	0	95	FullDelay	0.324528	324528	1	11
9.95168	15	0	95	FullDelay	0.35168	351680	1	12
9.95992	9	0	96	FullDelay	0.25992	259920	1	9
9.96123	90	0	96	FullDelay	0.261232	261232	1	9
9.96208	11	0	94	FullDelay	0.46208	462080	1	16
9.9888	8	0	96	FullDelay	0.2888	288800	1	10
9.99096	1	0	94	FullDelay	0.49096	490960	1	17
9.99738	80	0	96	FullDelay	0.297376	297376	1	10
