Time	Node	AppId	SeqNo	Type	DelayS	DelayUS	RetxCount	HopCount
0.273376	66	0	1	FullDelay	0.173376	173376	1	6
0.331168	46	0	1	FullDelay	0.231168	231168	1	8
0.339752	55	0	1	FullDelay	0.239752	239752	1	8
0.35992	9	0	1	FullDelay	0.25992	259920	1	9
0.366848	90	0	1	FullDelay	0.266848	266848	1	9
0.394	8	0	1	FullDelay	0.294	294000	1	10
0.402576	80	0	1	FullDelay	0.302576	302576	1	10
0.411232	44	0	1	FullDelay	0.311232	311232	1	10
0.419816	35	0	1	FullDelay	0.319816	319816	1	10
0.446928	25	0	1	FullDelay	0.346928	346928	1	11
0.448464	66	0	2	FullDelay	0.248464	248464	1	6
0.45556	70	0	1	FullDelay	0.35556	355560	1	11
0.45992	9	0	2	FullDelay	0.25992	259920	1	9
0.464144	7	0	1	FullDelay	0.364144	364144	1	11
0.491272	15	0	1	FullDelay	0.391272	391272	1	12
0.499888	60	0	1	FullDelay	0.399888	399888	1	12
0.508472	33	0	1	FullDelay	0.408472	408472	1	12
0.511368	46	0	2	FullDelay	0.311368	311368	1	8
0.517056	6	0	1	FullDelay	0.417056	417056	1	12
0.544224	5	0	1	FullDelay	0.444224	444224	1	13
0.551408	66	0	3	FullDelay	0.251408	251408	1	6
0.552808	50	0	1	FullDelay	0.452808	452808	1	13
0.55992	9	0	3	FullDelay	0.25992	259920	1	9
0.56564	8	0	2	FullDelay	0.36564	365640	1	10
0.5742	80	0	2	FullDelay	0.3742	374200	1	10
0.57992	22	0	1	FullDelay	0.47992	479920	1	14
0.601352	25	0	2	FullDelay	0.401352	401352	1	11
0.607136	30	0	1	FullDelay	0.507136	507136	1	15
0.614312	46	0	3	FullDelay	0.314312	314312	1	8
0.628504	15	0	2	FullDelay	0.428504	428504	1	12
0.641408	90	0	3	FullDelay	0.341408	341408	1	9
0.6428	11	0	1	FullDelay	0.5428	542800	1	16
0.65436	66	0	4	FullDelay	0.25436	254360	1	6
0.655752	5	0	2	FullDelay	0.455752	455752	1	13
0.65992	9	0	4	FullDelay	0.25992	259920	1	9
0.66856	8	0	3	FullDelay	0.36856	368560	1	10
0.669952	1	0	1	FullDelay	0.569952	569952	1	17
0.68284	22	0	2	FullDelay	0.48284	482840	1	14
0.695712	25	0	3	FullDelay	0.395712	395712	1	11
0.705688	0	0	1	FullDelay	0.605688	605688	1	18
0.71008	30	0	2	FullDelay	0.51008	510080	1	15
0.717272	55	0	4	FullDelay	0.317272	317272	1	8
0.722864	15	0	3	FullDelay	0.422864	422864	1	12
0.731536	60	0	3	FullDelay	0.431536	431536	1	12
0.744368	90	0	4	FullDelay	0.344368	344368	1	9
0.745744	11	0	2	FullDelay	0.545744	545744	1	16
0.75732	66	0	5	FullDelay	0.25732	257320	1	6
0.758704	5	0	3	FullDelay	0.458704	458704	1	13
0.75992	9	0	5	FullDelay	0.25992	259920	1	9
0.77152	8	0	4	FullDelay	0.37152	371520	1	10
0.772896	1	0	2	FullDelay	0.572896	572896	1	17
0.785792	22	0	3	FullDelay	0.485792	485792	1	14
0.798672	25	0	4	FullDelay	0.398672	398672	1	11
0.811648	46	0	5	FullDelay	0.311648	311648	1	8
0.813032	30	0	3	FullDelay	0.513032	513032	1	15
0.825824	15	0	4	FullDelay	0.425824	425824	1	12
0.838744	90	0	5	FullDelay	0.338744	338744	1	9
0.851688	66	0	0	FullDelay	0.851688	851688	2	6
0.85308	5	0	4	FullDelay	0.45308	453080	1	13
0.85992	9	0	6	FullDelay	0.25992	259920	1	9
0.861664	50	0	4	FullDelay	0.461664	461664	1	13
0.865896	8	0	5	FullDelay	0.365896	365896	1	10
0.867272	1	0	3	FullDelay	0.567272	567272	1	17
0.874472	80	0	5	FullDelay	0.374472	374472	1	10
0.875944	10	0	3	FullDelay	0.575944	575944	1	17
0.888776	22	0	4	FullDelay	0.488776	488776	1	14
0.901624	25	0	5	FullDelay	0.401624	401624	1	11
0.914592	46	0	6	FullDelay	0.314592	314592	1	8
0.915992	30	0	4	FullDelay	0.515992	515992	1	15
0.928776	15	0	5	FullDelay	0.428776	428776	1	12
0.941688	90	0	6	FullDelay	0.341688	341688	1	9
0.95464	66	0	6	FullDelay	0.25464	254640	1	6
0.956032	5	0	5	FullDelay	0.456032	456032	1	13
0.95992	9	0	0	FullDelay	0.95992	959920	2	9
0.96884	8	0	6	FullDelay	0.36884	368840	1	10
0.970232	1	0	4	FullDelay	0.570232	570232	1	17
0.98312	22	0	5	FullDelay	0.48312	483120	1	14
0.995992	25	0	6	FullDelay	0.395992	395992	1	11
1.01036	30	0	5	FullDelay	0.51036	510360	1	15
1.02314	15	0	6	FullDelay	0.423144	423144	1	12
1.03182	60	0	6	FullDelay	0.431816	431816	1	12
1.04464	90	0	7	FullDelay	0.34464	344640	1	9
1.04602	11	0	5	FullDelay	0.546024	546024	1	16
1.04901	66	0	7	FullDelay	0.249008	249008	1	6
1.05898	5	0	6	FullDelay	0.458984	458984	1	13
1.05992	9	0	7	FullDelay	0.25992	259920	1	9
1.07179	8	0	7	FullDelay	0.371792	371792	1	10
1.07318	1	0	5	FullDelay	0.573176	573176	1	17
1.08607	22	0	6	FullDelay	0.486072	486072	1	14
1.09894	25	0	7	FullDelay	0.398944	398944	1	11
1.11191	46	0	7	FullDelay	0.311912	311912	1	8
1.11331	30	0	6	FullDelay	0.513312	513312	1	15
1.1261	15	0	7	FullDelay	0.426096	426096	1	12
1.13901	90	0	0	FullDelay	1.13901	1.13901e+06	2	9
1.15195	66	0	8	FullDelay	0.251952	251952	1	6
1.15335	5	0	7	FullDelay	0.453352	453352	1	13
1.15992	9	0	8	FullDelay	0.25992	259920	1	9
1.16616	8	0	8	FullDelay	0.36616	366160	1	10
1.16755	1	0	6	FullDelay	0.567552	567552	1	17
1.17474	80	0	8	FullDelay	0.374736	374736	1	10
1.17622	10	0	6	FullDelay	0.576224	576224	1	17
1.18044	22	0	7	FullDelay	0.48044	480440	1	14
1.20189	25	0	8	FullDelay	0.401888	401888	1	11
1.20336	0	0	6	FullDelay	0.60336	603360	1	18
1.20768	30	0	7	FullDelay	0.50768	507680	1	15
1.21486	46	0	8	FullDelay	0.314856	314856	1	8
1.22904	15	0	8	FullDelay	0.42904	429040	1	12
1.24195	90	0	8	FullDelay	0.341952	341952	1	9
1.24334	11	0	7	FullDelay	0.543344	543344	1	16
1.2549	66	0	9	FullDelay	0.254904	254904	1	6
1.2563	5	0	8	FullDelay	0.456296	456296	1	13
1.25992	9	0	9	FullDelay	0.25992	259920	1	9
1.2691	8	0	0	FullDelay	1.2691	1.2691e+06	2	10
1.2705	1	0	7	FullDelay	0.570496	570496	1	17
1.28338	22	0	8	FullDelay	0.483384	483384	1	14
1.29626	25	0	0	FullDelay	1.29626	1.29626e+06	2	11
1.31062	30	0	8	FullDelay	0.510624	510624	1	15
1.32341	15	0	0	FullDelay	1.32341	1.32341e+06	2	12
1.33208	60	0	9	FullDelay	0.43208	432080	1	12
1.3449	90	0	2	FullDelay	1.1449	1.1449e+06	2	9
1.34629	11	0	8	FullDelay	0.546288	546288	1	16
1.34927	66	0	10	FullDelay	0.249272	249272	1	6
1.35925	5	0	9	FullDelay	0.459248	459248	1	13
1.35992	9	0	10	FullDelay	0.25992	259920	1	9
1.37206	8	0	9	FullDelay	0.372056	372056	1	10
1.37344	1	0	8	FullDelay	0.57344	573440	1	17
1.38634	22	0	9	FullDelay	0.486336	486336	1	14
1.39921	25	0	9	FullDelay	0.399208	399208	1	11
1.41218	46	0	4	FullDelay	1.01218	1.01218e+06	2	8
1.41358	30	0	9	FullDelay	0.513576	513576	1	15
1.42636	15	0	9	FullDelay	0.42636	426360	1	12
1.43927	90	0	9	FullDelay	0.339272	339272	1	9
1.45222	66	0	11	FullDelay	0.252224	252224	1	6
1.45362	5	0	0	FullDelay	1.45362	1.45362e+06	2	13
1.45992	9	0	11	FullDelay	0.25992	259920	1	9
1.46642	8	0	10	FullDelay	0.366424	366424	1	10
1.46782	1	0	9	FullDelay	0.567816	567816	1	17
1.47508	44	0	10	FullDelay	0.37508	375080	1	10
1.47649	10	0	9	FullDelay	0.576488	576488	1	17
1.4807	22	0	0	FullDelay	1.4807	1.4807e+06	2	14
1.50219	25	0	10	FullDelay	0.402192	402192	1	11
1.50362	0	0	9	FullDelay	0.603624	603624	1	18
1.50794	30	0	10	FullDelay	0.507944	507944	1	15
1.51513	46	0	10	FullDelay	0.315128	315128	1	8
1.52934	15	0	10	FullDelay	0.429344	429344	1	12
1.54222	90	0	10	FullDelay	0.342224	342224	1	9
1.54361	11	0	10	FullDelay	0.543608	543608	1	16
1.55518	66	0	12	FullDelay	0.255176	255176	1	6
1.55657	5	0	10	FullDelay	0.456568	456568	1	13
1.55992	9	0	12	FullDelay	0.25992	259920	1	9
1.56938	8	0	11	FullDelay	0.369376	369376	1	10
1.57076	1	0	10	FullDelay	0.57076	570760	1	17
1.58366	22	0	10	FullDelay	0.483656	483656	1	14
1.59653	25	0	11	FullDelay	0.396528	396528	1	11
1.6109	30	0	0	FullDelay	1.6109	1.6109e+06	2	15
1.62368	15	0	11	FullDelay	0.42368	423680	1	12
1.63235	60	0	11	FullDelay	0.432352	432352	1	12
1.64518	90	0	11	FullDelay	0.345176	345176	1	9
1.64656	11	0	11	FullDelay	0.54656	546560	1	16
1.64954	66	0	13	FullDelay	0.249544	249544	1	6
1.65952	5	0	11	FullDelay	0.45952	459520	1	13
1.65992	9	0	13	FullDelay	0.25992	259920	1	9
1.67233	8	0	12	FullDelay	0.372328	372328	1	10
1.67371	1	0	11	FullDelay	0.573712	573712	1	17
1.68661	22	0	11	FullDelay	0.486608	486608	1	14
1.69948	25	0	12	FullDelay	0.39948	399480	1	11
1.71245	46	0	11	FullDelay	0.312448	312448	1	8
1.71385	30	0	11	FullDelay	0.513848	513848	1	15
1.72663	15	0	12	FullDelay	0.426632	426632	1	12
1.73954	90	0	12	FullDelay	0.339544	339544	1	9
1.7525	66	0	14	FullDelay	0.252496	252496	1	6
1.75389	5	0	12	FullDelay	0.453888	453888	1	13
1.75992	9	0	14	FullDelay	0.25992	259920	1	9
1.7667	8	0	13	FullDelay	0.366696	366696	1	10
1.76809	1	0	0	FullDelay	1.76809	1.76809e+06	2	17
1.77535	35	0	13	FullDelay	0.375352	375352	1	10
1.77676	10	0	12	FullDelay	0.57676	576760	1	17
1.78098	22	0	12	FullDelay	0.480976	480976	1	14
1.80246	25	0	13	FullDelay	0.402464	402464	1	11
1.8039	0	0	12	FullDelay	0.603896	603896	1	18
1.80822	30	0	12	FullDelay	0.508216	508216	1	15
1.8154	46	0	12	FullDelay	0.3154	315400	1	8
1.82962	15	0	13	FullDelay	0.429616	429616	1	12
1.8425	90	0	13	FullDelay	0.342496	342496	1	9
1.84388	11	0	0	FullDelay	1.84388	1.84388e+06	2	16
1.85545	66	0	15	FullDelay	0.255448	255448	1	6
1.85684	5	0	13	FullDelay	0.45684	456840	1	13
1.85992	9	0	15	FullDelay	0.25992	259920	1	9
1.86965	8	0	14	FullDelay	0.369648	369648	1	10
1.87103	1	0	12	FullDelay	0.571032	571032	1	17
1.88393	22	0	13	FullDelay	0.483928	483928	1	14
1.8968	25	0	14	FullDelay	0.3968	396800	1	11
1.91117	30	0	13	FullDelay	0.511168	511168	1	15
1.92395	15	0	14	FullDelay	0.423952	423952	1	12
1.93262	60	0	4	FullDelay	1.53262	1.53262e+06	2	12
1.94545	90	0	14	FullDelay	0.345448	345448	1	9
1.94683	11	0	3	FullDelay	1.64683	1.64683e+06	2	16
1.94982	66	0	16	FullDelay	0.249816	249816	1	6
1.95979	5	0	14	FullDelay	0.459792	459792	1	13
1.95992	9	0	16	FullDelay	0.25992	259920	1	9
1.9726	8	0	15	FullDelay	0.3726	372600	1	10
1.97398	1	0	13	FullDelay	0.573984	573984	1	17
1.98688	22	0	14	FullDelay	0.48688	486880	1	14
1.99975	25	0	15	FullDelay	0.399752	399752	1	11
2.01272	46	0	13	FullDelay	0.31272	312720	1	8
2.01412	30	0	14	FullDelay	0.51412	514120	1	15
2.0269	15	0	15	FullDelay	0.426904	426904	1	12
2.03982	90	0	15	FullDelay	0.339816	339816	1	9
2.05277	66	0	17	FullDelay	0.252768	252768	1	6
2.05416	5	0	15	FullDelay	0.45416	454160	1	13
2.05992	9	0	17	FullDelay	0.25992	259920	1	9
2.06697	8	0	16	FullDelay	0.366968	366968	1	10
2.06836	1	0	14	FullDelay	0.56836	568360	1	17
2.07703	10	0	0	FullDelay	2.07703	2.07703e+06	2	17
2.08125	22	0	15	FullDelay	0.481248	481248	1	14
2.09412	25	0	16	FullDelay	0.39412	394120	1	11
2.10278	70	0	16	FullDelay	0.402784	402784	1	11
2.10417	0	0	15	FullDelay	0.604168	604168	1	18
2.10849	30	0	15	FullDelay	0.508488	508488	1	15
2.11567	46	0	14	FullDelay	0.315672	315672	1	8
2.12987	15	0	16	FullDelay	0.429872	429872	1	12
2.14277	90	0	16	FullDelay	0.342768	342768	1	9
2.14415	11	0	6	FullDelay	1.54415	1.54415e+06	2	16
2.15572	66	0	18	FullDelay	0.25572	255720	1	6
2.15711	5	0	16	FullDelay	0.457112	457112	1	13
2.15992	9	0	18	FullDelay	0.25992	259920	1	9
2.16992	8	0	17	FullDelay	0.36992	369920	1	10
2.1713	1	0	15	FullDelay	0.571304	571304	1	17
2.1842	22	0	16	FullDelay	0.4842	484200	1	14
2.19707	25	0	17	FullDelay	0.397072	397072	1	11
2.21144	30	0	16	FullDelay	0.51144	511440	1	15
2.22422	15	0	17	FullDelay	0.424224	424224	1	12
2.2329	33	0	17	FullDelay	0.432896	432896	1	12
2.24572	90	0	17	FullDelay	0.34572	345720	1	9
2.2471	11	0	9	FullDelay	1.3471	1.3471e+06	2	16
2.25009	66	0	19	FullDelay	0.250088	250088	1	6
2.25992	9	0	19	FullDelay	0.25992	259920	1	9
2.26006	5	0	17	FullDelay	0.460064	460064	1	13
2.27287	8	0	18	FullDelay	0.372872	372872	1	10
2.27426	1	0	16	FullDelay	0.574256	574256	1	17
2.28715	22	0	17	FullDelay	0.487152	487152	1	14
2.30002	25	0	18	FullDelay	0.400024	400024	1	11
2.31299	46	0	15	FullDelay	0.312992	312992	1	8
2.31439	30	0	17	FullDelay	0.514392	514392	1	15
2.32718	15	0	18	FullDelay	0.427176	427176	1	12
2.34009	90	0	18	FullDelay	0.340088	340088	1	9
2.35304	66	0	20	FullDelay	0.25304	253040	1	6
2.35443	5	0	18	FullDelay	0.454432	454432	1	13
2.35992	9	0	20	FullDelay	0.25992	259920	1	9
2.36724	8	0	19	FullDelay	0.36724	367240	1	10
2.36863	1	0	17	FullDelay	0.568632	568632	1	17
2.3773	10	0	15	FullDelay	0.577304	577304	1	17
2.38152	22	0	18	FullDelay	0.48152	481520	1	14
2.39439	25	0	19	FullDelay	0.394392	394392	1	11
2.40306	70	0	19	FullDelay	0.403056	403056	1	11
2.40444	0	0	16	FullDelay	0.60444	604440	1	18
2.40876	30	0	18	FullDelay	0.50876	508760	1	15
2.41594	46	0	16	FullDelay	0.315944	315944	1	8
2.43014	15	0	19	FullDelay	0.430144	430144	1	12
2.44304	90	0	19	FullDelay	0.34304	343040	1	9
2.44442	11	0	14	FullDelay	0.544424	544424	1	16
2.45599	66	0	21	FullDelay	0.255992	255992	1	6
2.45738	5	0	19	FullDelay	0.457384	457384	1	13
2.45992	9	0	21	FullDelay	0.25992	259920	1	9
2.47019	8	0	20	FullDelay	0.370192	370192	1	10
2.47158	1	0	18	FullDelay	0.571576	571576	1	17
2.48447	22	0	19	FullDelay	0.484472	484472	1	14
2.49734	25	0	20	FullDelay	0.397344	397344	1	11
2.51032	46	0	9	FullDelay	1.51032	1.51032e+06	3	8
2.51171	30	0	19	FullDelay	0.511712	511712	1	15
2.5245	15	0	20	FullDelay	0.424496	424496	1	12
2.53317	6	0	20	FullDelay	0.433168	433168	1	12
2.54738	11	0	15	FullDelay	0.547376	547376	1	16
2.55036	66	0	22	FullDelay	0.25036	250360	1	6
2.55992	9	0	22	FullDelay	0.25992	259920	1	9
2.56034	5	0	20	FullDelay	0.460336	460336	1	13
2.56459	8	0	21	FullDelay	0.364592	364592	1	10
2.57315	80	0	18	FullDelay	0.373152	373152	1	10
2.57453	1	0	19	FullDelay	0.574528	574528	1	17
2.58742	22	0	20	FullDelay	0.487424	487424	1	14
2.6003	25	0	21	FullDelay	0.400304	400304	1	11
2.61326	46	0	17	FullDelay	0.313264	313264	1	8
2.61466	30	0	20	FullDelay	0.514664	514664	1	15
2.62746	15	0	21	FullDelay	0.427456	427456	1	12
2.64036	90	0	21	FullDelay	0.34036	340360	1	9
2.65331	66	0	23	FullDelay	0.253312	253312	1	6
2.6547	5	0	21	FullDelay	0.454704	454704	1	13
2.65992	9	0	23	FullDelay	0.25992	259920	1	9
2.66751	8	0	22	FullDelay	0.367512	367512	1	10
2.6689	1	0	20	FullDelay	0.568904	568904	1	17
2.68179	22	0	21	FullDelay	0.481792	481792	1	14
2.69466	25	0	22	FullDelay	0.394664	394664	1	11
2.70333	70	0	2	FullDelay	2.50333	2.50333e+06	2	11
2.70464	0	0	5	FullDelay	2.20464	2.20464e+06	2	18
2.70903	30	0	21	FullDelay	0.509032	509032	1	15
2.71622	46	0	0	FullDelay	2.71622	2.71622e+06	5	8
2.73042	15	0	22	FullDelay	0.430416	430416	1	12
2.74331	90	0	22	FullDelay	0.343312	343312	1	9
2.7447	11	0	17	FullDelay	0.544696	544696	1	16
2.75626	66	0	24	FullDelay	0.256264	256264	1	6
2.75766	5	0	22	FullDelay	0.457656	457656	1	13
2.75992	9	0	24	FullDelay	0.25992	259920	1	9
2.77046	8	0	23	FullDelay	0.370464	370464	1	10
2.77185	1	0	21	FullDelay	0.571848	571848	1	17
2.78474	22	0	22	FullDelay	0.484744	484744	1	14
2.79762	25	0	23	FullDelay	0.397616	397616	1	11
2.81059	46	0	18	FullDelay	0.310592	310592	1	8
2.81198	30	0	22	FullDelay	0.511984	511984	1	15
2.82477	15	0	23	FullDelay	0.424768	424768	1	12
2.84765	11	0	18	FullDelay	0.547648	547648	1	16
2.85063	66	0	25	FullDelay	0.250632	250632	1	6
2.85202	5	0	23	FullDelay	0.452024	452024	1	13
2.85992	9	0	25	FullDelay	0.25992	259920	1	9
2.86061	50	0	23	FullDelay	0.460608	460608	1	13
2.86486	8	0	24	FullDelay	0.364864	364864	1	10
2.87342	80	0	21	FullDelay	0.373424	373424	1	10
2.8748	1	0	22	FullDelay	0.5748	574800	1	17
2.88772	22	0	23	FullDelay	0.48772	487720	1	14
2.90058	25	0	24	FullDelay	0.400576	400576	1	11
2.91354	46	0	19	FullDelay	0.313536	313536	1	8
2.91494	30	0	23	FullDelay	0.514936	514936	1	15
2.92773	15	0	24	FullDelay	0.427728	427728	1	12
2.94063	90	0	24	FullDelay	0.340632	340632	1	9
2.95358	66	0	26	FullDelay	0.253584	253584	1	6
2.95498	5	0	24	FullDelay	0.454976	454976	1	13
2.95992	9	0	26	FullDelay	0.25992	259920	1	9
2.96778	8	0	25	FullDelay	0.367784	367784	1	10
2.96918	1	0	23	FullDelay	0.569176	569176	1	17
2.98206	22	0	24	FullDelay	0.482064	482064	1	14
2.99494	25	0	25	FullDelay	0.394936	394936	1	11
3.0036	70	0	5	FullDelay	2.5036	2.5036e+06	2	11
3.00491	0	0	10	FullDelay	2.00491	2.00491e+06	2	18
3.0093	30	0	24	FullDelay	0.509304	509304	1	15
3.01649	46	0	20	FullDelay	0.316488	316488	1	8
3.03069	15	0	25	FullDelay	0.430688	430688	1	12
3.04358	90	0	20	FullDelay	0.843584	843584	2	9
3.04497	11	0	4	FullDelay	2.64497	2.64497e+06	3	16
3.05654	66	0	27	FullDelay	0.256536	256536	1	6
3.05793	5	0	25	FullDelay	0.457928	457928	1	13
3.05992	9	0	27	FullDelay	0.25992	259920	1	9
3.07074	8	0	26	FullDelay	0.370736	370736	1	10
3.07212	1	0	24	FullDelay	0.57212	572120	1	17
3.08502	22	0	25	FullDelay	0.485016	485016	1	14
3.09789	25	0	26	FullDelay	0.397888	397888	1	11
3.11086	46	0	21	FullDelay	0.310864	310864	1	8
3.11226	30	0	25	FullDelay	0.512256	512256	1	15
3.12504	15	0	26	FullDelay	0.42504	425040	1	12
3.14792	11	0	12	FullDelay	1.94792	1.94792e+06	2	16
3.1509	66	0	28	FullDelay	0.250904	250904	1	6
3.1523	5	0	26	FullDelay	0.452296	452296	1	13
3.15992	9	0	28	FullDelay	0.25992	259920	1	9
3.16088	50	0	25	FullDelay	0.46088	460880	1	13
3.16514	8	0	27	FullDelay	0.365136	365136	1	10
3.1737	80	0	3	FullDelay	2.8737	2.8737e+06	3	10
3.17507	1	0	25	FullDelay	0.575072	575072	1	17
3.18799	22	0	26	FullDelay	0.487992	487992	1	14
3.20085	25	0	27	FullDelay	0.400848	400848	1	11
3.21381	46	0	22	FullDelay	0.313808	313808	1	8
3.21521	30	0	26	FullDelay	0.515208	515208	1	15
3.228	15	0	27	FullDelay	0.428	428000	1	12
3.2409	90	0	26	FullDelay	0.340904	340904	1	9
3.25386	66	0	29	FullDelay	0.253856	253856	1	6
3.25525	5	0	27	FullDelay	0.455248	455248	1	13
3.25992	9	0	29	FullDelay	0.25992	259920	1	9
3.26806	8	0	28	FullDelay	0.368056	368056	1	10
3.26945	1	0	26	FullDelay	0.569448	569448	1	17
3.28234	22	0	27	FullDelay	0.482336	482336	1	14
3.29521	25	0	28	FullDelay	0.395208	395208	1	11
3.30387	70	0	8	FullDelay	2.50387	2.50387e+06	2	11
3.30518	0	0	14	FullDelay	1.90518	1.90518e+06	2	18
3.30958	30	0	27	FullDelay	0.509576	509576	1	15
3.31677	46	0	23	FullDelay	0.316768	316768	1	8
3.33096	15	0	28	FullDelay	0.43096	430960	1	12
3.34386	90	0	23	FullDelay	0.843864	843864	2	9
3.34524	11	0	16	FullDelay	1.24524	1.24524e+06	2	16
3.35682	66	0	30	FullDelay	0.256816	256816	1	6
3.3582	5	0	28	FullDelay	0.4582	458200	1	13
3.35992	9	0	30	FullDelay	0.25992	259920	1	9
3.37102	8	0	29	FullDelay	0.371016	371016	1	10
3.37239	1	0	27	FullDelay	0.572392	572392	1	17
3.38529	22	0	28	FullDelay	0.485288	485288	1	14
3.39817	25	0	29	FullDelay	0.398168	398168	1	11
3.41114	46	0	24	FullDelay	0.311144	311144	1	8
3.41253	30	0	28	FullDelay	0.512528	512528	1	15
3.42532	15	0	29	FullDelay	0.42532	425320	1	12
3.44828	20	0	27	FullDelay	0.54828	548280	1	16
3.45118	66	0	31	FullDelay	0.251184	251184	1	6
3.45258	5	0	29	FullDelay	0.452576	452576	1	13
3.45992	9	0	31	FullDelay	0.25992	259920	1	9
3.46116	50	0	0	FullDelay	3.46116	3.46116e+06	3	13
3.46542	8	0	30	FullDelay	0.365416	365416	1	10
3.47398	80	0	7	FullDelay	2.77398	2.77398e+06	2	10
3.47542	1	0	28	FullDelay	0.575424	575424	1	17
3.48827	22	0	29	FullDelay	0.488272	488272	1	14
3.50113	25	0	30	FullDelay	0.401128	401128	1	11
3.51409	46	0	25	FullDelay	0.314088	314088	1	8
3.51549	30	0	29	FullDelay	0.515488	515488	1	15
3.52828	15	0	30	FullDelay	0.42828	428280	1	12
3.54118	90	0	28	FullDelay	0.341184	341184	1	9
3.55414	66	0	32	FullDelay	0.254136	254136	1	6
3.55553	5	0	30	FullDelay	0.455528	455528	1	13
3.55992	9	0	32	FullDelay	0.25992	259920	1	9
3.56834	8	0	31	FullDelay	0.368336	368336	1	10
3.56973	1	0	29	FullDelay	0.569728	569728	1	17
3.58262	22	0	30	FullDelay	0.482616	482616	1	14
3.59549	25	0	31	FullDelay	0.395488	395488	1	11
3.60415	7	0	30	FullDelay	0.404152	404152	1	11
3.60546	0	0	19	FullDelay	0.605464	605464	1	18
3.60986	30	0	30	FullDelay	0.509856	509856	1	15
3.61705	55	0	30	FullDelay	0.317048	317048	1	8
3.63128	15	0	31	FullDelay	0.43128	431280	1	12
3.64414	90	0	25	FullDelay	0.844144	844144	2	9
3.64552	11	0	19	FullDelay	1.24552	1.24552e+06	2	16
3.6571	66	0	33	FullDelay	0.257096	257096	1	6
3.65848	5	0	31	FullDelay	0.45848	458480	1	13
3.65992	9	0	33	FullDelay	0.25992	259920	1	9
3.6713	8	0	32	FullDelay	0.371296	371296	1	10
3.67267	1	0	30	FullDelay	0.572672	572672	1	17
3.68557	22	0	31	FullDelay	0.485568	485568	1	14
3.69845	25	0	32	FullDelay	0.398448	398448	1	11
3.71142	46	0	27	FullDelay	0.311424	311424	1	8
3.71281	30	0	31	FullDelay	0.512808	512808	1	15
3.7256	15	0	32	FullDelay	0.4256	425600	1	12
3.73852	90	0	29	FullDelay	0.33852	338520	1	9
3.75146	66	0	34	FullDelay	0.251464	251464	1	6
3.75286	5	0	32	FullDelay	0.452856	452856	1	13
3.75992	9	0	34	FullDelay	0.25992	259920	1	9
3.76144	50	0	6	FullDelay	3.16144	3.16144e+06	2	13
3.76567	8	0	33	FullDelay	0.365672	365672	1	10
3.76705	1	0	31	FullDelay	0.567048	567048	1	17
3.77425	80	0	11	FullDelay	2.37425	2.37425e+06	2	10
3.77572	10	0	21	FullDelay	0.57572	575720	1	17
3.78855	22	0	32	FullDelay	0.488552	488552	1	14
3.8014	25	0	33	FullDelay	0.4014	401400	1	11
3.81437	46	0	28	FullDelay	0.314368	314368	1	8
3.81577	30	0	32	FullDelay	0.515768	515768	1	15
3.82855	15	0	33	FullDelay	0.428552	428552	1	12
3.84146	90	0	30	FullDelay	0.341464	341464	1	9
3.85442	66	0	35	FullDelay	0.254416	254416	1	6
3.85581	5	0	33	FullDelay	0.455808	455808	1	13
3.85992	9	0	35	FullDelay	0.25992	259920	1	9
3.86862	8	0	34	FullDelay	0.368616	368616	1	10
3.87001	1	0	32	FullDelay	0.570008	570008	1	17
3.8829	22	0	33	FullDelay	0.482896	482896	1	14
3.89577	25	0	34	FullDelay	0.395768	395768	1	11
3.91014	30	0	33	FullDelay	0.510136	510136	1	15
3.92292	15	0	34	FullDelay	0.42292	422920	1	12
3.93159	60	0	29	FullDelay	0.431592	431592	1	12
3.94442	90	0	27	FullDelay	0.844416	844416	2	9
3.9458	11	0	24	FullDelay	0.5458	545800	1	16
3.95737	66	0	36	FullDelay	0.257368	257368	1	6
3.95876	5	0	34	FullDelay	0.45876	458760	1	13
3.95992	9	0	36	FullDelay	0.25992	259920	1	9
3.97157	8	0	35	FullDelay	0.371568	371568	1	10
3.97295	1	0	33	FullDelay	0.572952	572952	1	17
3.98585	22	0	34	FullDelay	0.485848	485848	1	14
3.99872	25	0	35	FullDelay	0.39872	398720	1	11
4.0117	46	0	26	FullDelay	0.711696	711696	2	8
4.01309	30	0	34	FullDelay	0.513088	513088	1	15
4.02587	15	0	35	FullDelay	0.425872	425872	1	12
4.03879	90	0	31	FullDelay	0.338792	338792	1	9
4.05174	66	0	37	FullDelay	0.251736	251736	1	6
4.05313	5	0	35	FullDelay	0.453128	453128	1	13
4.05992	9	0	37	FullDelay	0.25992	259920	1	9
4.06171	50	0	9	FullDelay	3.16171	3.16171e+06	2	13
4.06594	8	0	36	FullDelay	0.365944	365944	1	10
4.06733	1	0	34	FullDelay	0.567328	567328	1	17
4.07452	80	0	14	FullDelay	2.37452	2.37452e+06	2	10
4.076	10	0	24	FullDelay	0.576	576000	1	17
4.08882	22	0	35	FullDelay	0.488824	488824	1	14
4.10167	25	0	36	FullDelay	0.401672	401672	1	11
4.10314	0	0	24	FullDelay	0.603136	603136	1	18
4.11464	46	0	30	FullDelay	0.31464	314640	1	8
4.11604	30	0	35	FullDelay	0.51604	516040	1	15
4.12882	15	0	36	FullDelay	0.428824	428824	1	12
4.14174	90	0	32	FullDelay	0.341736	341736	1	9
4.15469	66	0	38	FullDelay	0.254688	254688	1	6
4.15608	5	0	36	FullDelay	0.45608	456080	1	13
4.15992	9	0	38	FullDelay	0.25992	259920	1	9
4.16889	8	0	37	FullDelay	0.368888	368888	1	10
4.17028	1	0	35	FullDelay	0.57028	570280	1	17
4.18317	22	0	36	FullDelay	0.483168	483168	1	14
4.19604	25	0	37	FullDelay	0.39604	396040	1	11
4.21041	30	0	36	FullDelay	0.510408	510408	1	15
4.22319	15	0	37	FullDelay	0.423192	423192	1	12
4.23186	60	0	32	FullDelay	0.431864	431864	1	12
4.24469	90	0	33	FullDelay	0.344688	344688	1	9
4.24607	11	0	27	FullDelay	0.546072	546072	1	16
4.24906	66	0	39	FullDelay	0.249056	249056	1	6
4.25903	5	0	37	FullDelay	0.459032	459032	1	13
4.25992	9	0	39	FullDelay	0.25992	259920	1	9
4.27184	8	0	38	FullDelay	0.37184	371840	1	10
4.27322	1	0	36	FullDelay	0.573224	573224	1	17
4.28612	22	0	37	FullDelay	0.48612	486120	1	14
4.29899	25	0	38	FullDelay	0.398992	398992	1	11
4.31196	46	0	29	FullDelay	0.71196	711960	2	8
4.31336	30	0	37	FullDelay	0.51336	513360	1	15
4.32614	15	0	38	FullDelay	0.426144	426144	1	12
4.33906	90	0	34	FullDelay	0.339056	339056	1	9
4.352	66	0	40	FullDelay	0.252	252000	1	6
4.3534	5	0	38	FullDelay	0.4534	453400	1	13
4.35992	9	0	40	FullDelay	0.25992	259920	1	9
4.36621	8	0	39	FullDelay	0.366208	366208	1	10
4.3676	1	0	37	FullDelay	0.5676	567600	1	17
4.37478	80	0	17	FullDelay	2.37478	2.37478e+06	2	10
4.37627	10	0	27	FullDelay	0.576272	576272	1	17
4.38049	22	0	38	FullDelay	0.480488	480488	1	14
4.40194	25	0	39	FullDelay	0.401936	401936	1	11
4.40341	0	0	2	FullDelay	4.20341	4.20341e+06	3	18
4.40773	30	0	38	FullDelay	0.507728	507728	1	15
4.4149	46	0	32	FullDelay	0.314904	314904	1	8
4.42909	15	0	39	FullDelay	0.429088	429088	1	12
4.442	90	0	35	FullDelay	0.342	342000	1	9
4.44339	11	0	29	FullDelay	0.543392	543392	1	16
4.45495	66	0	41	FullDelay	0.254952	254952	1	6
4.45634	5	0	39	FullDelay	0.456344	456344	1	13
4.45992	9	0	41	FullDelay	0.25992	259920	1	9
4.46915	8	0	40	FullDelay	0.369152	369152	1	10
4.47054	1	0	38	FullDelay	0.570544	570544	1	17
4.48343	22	0	39	FullDelay	0.483432	483432	1	14
4.4963	25	0	40	FullDelay	0.396304	396304	1	11
4.51067	30	0	39	FullDelay	0.510672	510672	1	15
4.52346	15	0	40	FullDelay	0.423456	423456	1	12
4.53213	60	0	2	FullDelay	4.33213	4.33213e+06	3	12
4.54495	90	0	36	FullDelay	0.344952	344952	1	9
4.54634	11	0	13	FullDelay	2.74634	2.74634e+06	3	16
4.54932	66	0	42	FullDelay	0.24932	249320	1	6
4.5593	5	0	40	FullDelay	0.459296	459296	1	13
4.55992	9	0	42	FullDelay	0.25992	259920	1	9
4.5721	8	0	41	FullDelay	0.372104	372104	1	10
4.57349	1	0	39	FullDelay	0.573488	573488	1	17
4.58638	22	0	40	FullDelay	0.486384	486384	1	14
4.59926	25	0	41	FullDelay	0.399256	399256	1	11
4.61222	46	0	31	FullDelay	0.712224	712224	2	8
4.61362	30	0	40	FullDelay	0.513624	513624	1	15
4.62641	15	0	41	FullDelay	0.426408	426408	1	12
4.63932	90	0	37	FullDelay	0.33932	339320	1	9
4.65227	66	0	43	FullDelay	0.252272	252272	1	6
4.65366	5	0	41	FullDelay	0.453664	453664	1	13
4.65992	9	0	43	FullDelay	0.25992	259920	1	9
4.66647	8	0	42	FullDelay	0.366472	366472	1	10
4.66786	1	0	40	FullDelay	0.567864	567864	1	17
4.67513	44	0	37	FullDelay	0.375128	375128	1	10
4.67654	10	0	4	FullDelay	4.27654	4.27654e+06	3	17
4.68075	22	0	41	FullDelay	0.480752	480752	1	14
4.70224	25	0	42	FullDelay	0.40224	402240	1	11
4.70367	0	0	7	FullDelay	4.00367	4.00367e+06	3	18
4.70799	30	0	41	FullDelay	0.507992	507992	1	15
4.71518	46	0	34	FullDelay	0.315176	315176	1	8
4.72939	15	0	42	FullDelay	0.429392	429392	1	12
4.74227	90	0	38	FullDelay	0.342272	342272	1	9
4.74366	11	0	21	FullDelay	1.74366	1.74366e+06	2	16
4.75522	66	0	44	FullDelay	0.255224	255224	1	6
4.75662	5	0	42	FullDelay	0.456616	456616	1	13
4.75992	9	0	44	FullDelay	0.25992	259920	1	9
4.76942	8	0	43	FullDelay	0.369424	369424	1	10
4.77081	1	0	41	FullDelay	0.570808	570808	1	17
4.7837	22	0	42	FullDelay	0.483704	483704	1	14
4.79658	25	0	43	FullDelay	0.396576	396576	1	11
4.81094	30	0	42	FullDelay	0.510944	510944	1	15
4.82373	15	0	43	FullDelay	0.423728	423728	1	12
4.8324	60	0	8	FullDelay	4.0324	4.0324e+06	3	12
4.84522	90	0	39	FullDelay	0.345224	345224	1	9
4.84661	11	0	22	FullDelay	1.64661	1.64661e+06	2	16
4.84959	66	0	45	FullDelay	0.249592	249592	1	6
4.85957	5	0	43	FullDelay	0.459568	459568	1	13
4.85992	9	0	45	FullDelay	0.25992	259920	1	9
4.87238	8	0	44	FullDelay	0.372376	372376	1	10
4.87376	1	0	42	FullDelay	0.57376	573760	1	17
4.88666	22	0	43	FullDelay	0.486656	486656	1	14
4.89953	25	0	44	FullDelay	0.399528	399528	1	11
4.9125	46	0	33	FullDelay	0.712496	712496	2	8
4.9139	30	0	43	FullDelay	0.513896	513896	1	15
4.92668	15	0	44	FullDelay	0.42668	426680	1	12
4.93959	90	0	40	FullDelay	0.339592	339592	1	9
4.95254	66	0	46	FullDelay	0.252544	252544	1	6
4.95394	5	0	44	FullDelay	0.453936	453936	1	13
4.95992	9	0	46	FullDelay	0.25992	259920	1	9
4.96674	8	0	45	FullDelay	0.366744	366744	1	10
4.96814	1	0	43	FullDelay	0.568136	568136	1	17
4.9754	35	0	37	FullDelay	0.3754	375400	1	10
4.97681	10	0	8	FullDelay	4.17681	4.17681e+06	3	17
4.98102	22	0	44	FullDelay	0.481024	481024	1	14
5.00251	25	0	45	FullDelay	0.402512	402512	1	11
5.00394	0	0	13	FullDelay	3.70394	3.70394e+06	3	18
5.00826	30	0	44	FullDelay	0.508264	508264	1	15
5.01545	46	0	36	FullDelay	0.315448	315448	1	8
5.02966	15	0	45	FullDelay	0.429664	429664	1	12
5.04254	90	0	41	FullDelay	0.342544	342544	1	9
5.04393	11	0	25	FullDelay	1.54393	1.54393e+06	2	16
5.0555	66	0	47	FullDelay	0.255496	255496	1	6
5.05689	5	0	45	FullDelay	0.456888	456888	1	13
5.05992	9	0	47	FullDelay	0.25992	259920	1	9
5.0697	8	0	46	FullDelay	0.369696	369696	1	10
5.07108	1	0	44	FullDelay	0.57108	571080	1	17
5.08398	22	0	45	FullDelay	0.483976	483976	1	14
5.09685	25	0	46	FullDelay	0.396848	396848	1	11
5.11122	30	0	45	FullDelay	0.511216	511216	1	15
5.124	15	0	46	FullDelay	0.424	424000	1	12
5.13267	60	0	13	FullDelay	3.23267	3.23267e+06	2	12
5.1455	90	0	42	FullDelay	0.345496	345496	1	9
5.14688	11	0	26	FullDelay	1.54688	1.54688e+06	2	16
5.14986	66	0	48	FullDelay	0.249864	249864	1	6
5.15984	5	0	46	FullDelay	0.45984	459840	1	13
5.15992	9	0	48	FullDelay	0.25992	259920	1	9
5.17265	8	0	47	FullDelay	0.372648	372648	1	10
5.17403	1	0	45	FullDelay	0.574032	574032	1	17
5.18693	22	0	46	FullDelay	0.486928	486928	1	14
5.1998	25	0	47	FullDelay	0.3998	399800	1	11
5.21277	46	0	35	FullDelay	0.712768	712768	2	8
5.21417	30	0	46	FullDelay	0.514168	514168	1	15
5.22695	15	0	47	FullDelay	0.426952	426952	1	12
5.23986	90	0	43	FullDelay	0.339864	339864	1	9
5.25282	66	0	49	FullDelay	0.252816	252816	1	6
5.25421	5	0	47	FullDelay	0.454208	454208	1	13
5.25992	9	0	49	FullDelay	0.25992	259920	1	9
5.26702	8	0	48	FullDelay	0.367016	367016	1	10
5.26841	1	0	46	FullDelay	0.568408	568408	1	17
5.27708	10	0	13	FullDelay	3.97708	3.97708e+06	3	17
5.2813	22	0	47	FullDelay	0.481296	481296	1	14
5.29417	25	0	48	FullDelay	0.394168	394168	1	11
5.30283	70	0	33	FullDelay	0.402832	402832	1	11
5.30422	0	0	20	FullDelay	2.20422	2.20422e+06	2	18
5.30854	30	0	47	FullDelay	0.508536	508536	1	15
5.31572	46	0	38	FullDelay	0.31572	315720	1	8
5.32992	15	0	48	FullDelay	0.42992	429920	1	12
5.34282	90	0	44	FullDelay	0.342816	342816	1	9
5.3442	11	0	30	FullDelay	0.5442	544200	1	16
5.35577	66	0	50	FullDelay	0.255768	255768	1	6
5.35716	5	0	48	FullDelay	0.45716	457160	1	13
5.35992	9	0	50	FullDelay	0.25992	259920	1	9
5.36997	8	0	49	FullDelay	0.369968	369968	1	10
5.37135	1	0	47	FullDelay	0.571352	571352	1	17
5.38425	22	0	48	FullDelay	0.484248	484248	1	14
5.39712	25	0	49	FullDelay	0.39712	397120	1	11
5.4101	46	0	39	FullDelay	0.310096	310096	1	8
5.41149	30	0	48	FullDelay	0.511488	511488	1	15
5.42427	15	0	49	FullDelay	0.424272	424272	1	12
5.43294	33	0	38	FullDelay	0.432944	432944	1	12
5.44715	11	0	31	FullDelay	0.547152	547152	1	16
5.45014	66	0	51	FullDelay	0.250136	250136	1	6
5.45992	9	0	51	FullDelay	0.25992	259920	1	9
5.46011	5	0	49	FullDelay	0.460112	460112	1	13
5.46437	8	0	50	FullDelay	0.364368	364368	1	10
5.47293	80	0	32	FullDelay	0.372928	372928	1	10
5.4743	1	0	48	FullDelay	0.574304	574304	1	17
5.4872	22	0	49	FullDelay	0.4872	487200	1	14
5.50008	25	0	50	FullDelay	0.40008	400080	1	11
5.51304	46	0	37	FullDelay	0.71304	713040	2	8
5.51444	30	0	49	FullDelay	0.51444	514440	1	15
5.52723	15	0	50	FullDelay	0.427232	427232	1	12
5.54014	90	0	46	FullDelay	0.340136	340136	1	9
5.55309	66	0	52	FullDelay	0.253088	253088	1	6
5.55448	5	0	50	FullDelay	0.45448	454480	1	13
5.55992	9	0	52	FullDelay	0.25992	259920	1	9
5.56729	8	0	51	FullDelay	0.367288	367288	1	10
5.56868	1	0	49	FullDelay	0.56868	568680	1	17
5.58157	22	0	50	FullDelay	0.481568	481568	1	14
5.59444	25	0	51	FullDelay	0.39444	394440	1	11
5.6031	70	0	36	FullDelay	0.403104	403104	1	11
5.60442	0	0	26	FullDelay	0.604416	604416	1	18
5.60881	30	0	50	FullDelay	0.508808	508808	1	15
5.61599	46	0	40	FullDelay	0.315992	315992	1	8
5.63019	15	0	51	FullDelay	0.430192	430192	1	12
5.64309	90	0	47	FullDelay	0.343088	343088	1	9
5.64447	11	0	33	FullDelay	0.544472	544472	1	16
5.65604	66	0	53	FullDelay	0.25604	256040	1	6
5.65743	5	0	51	FullDelay	0.457432	457432	1	13
5.65992	9	0	53	FullDelay	0.25992	259920	1	9
5.67024	8	0	52	FullDelay	0.37024	370240	1	10
5.67162	1	0	50	FullDelay	0.571624	571624	1	17
5.68452	22	0	51	FullDelay	0.48452	484520	1	14
5.69739	25	0	52	FullDelay	0.397392	397392	1	11
5.71037	46	0	41	FullDelay	0.310368	310368	1	8
5.71176	30	0	51	FullDelay	0.51176	511760	1	15
5.72454	15	0	52	FullDelay	0.424544	424544	1	12
5.73322	6	0	39	FullDelay	0.433216	433216	1	12
5.74742	11	0	34	FullDelay	0.547424	547424	1	16
5.75041	66	0	54	FullDelay	0.250408	250408	1	6
5.75992	9	0	54	FullDelay	0.25992	259920	1	9
5.76038	5	0	52	FullDelay	0.460384	460384	1	13
5.76464	8	0	53	FullDelay	0.36464	364640	1	10
5.7732	80	0	35	FullDelay	0.3732	373200	1	10
5.77458	1	0	51	FullDelay	0.574576	574576	1	17
5.78747	22	0	52	FullDelay	0.487472	487472	1	14
5.80035	25	0	53	FullDelay	0.400352	400352	1	11
5.81331	46	0	42	FullDelay	0.313312	313312	1	8
5.81471	30	0	52	FullDelay	0.514712	514712	1	15
5.8275	15	0	53	FullDelay	0.427504	427504	1	12
5.84041	90	0	49	FullDelay	0.340408	340408	1	9
5.85336	66	0	55	FullDelay	0.25336	253360	1	6
5.85475	5	0	53	FullDelay	0.454752	454752	1	13
5.85992	9	0	55	FullDelay	0.25992	259920	1	9
5.86756	8	0	54	FullDelay	0.36756	367560	1	10
5.86895	1	0	52	FullDelay	0.568952	568952	1	17
5.88184	22	0	53	FullDelay	0.48184	481840	1	14
5.89471	25	0	54	FullDelay	0.394712	394712	1	11
5.90338	70	0	3	FullDelay	5.60338	5.60338e+06	3	11
5.90469	0	0	29	FullDelay	0.604688	604688	1	18
5.90908	30	0	53	FullDelay	0.50908	509080	1	15
5.91626	46	0	43	FullDelay	0.316264	316264	1	8
5.93046	15	0	54	FullDelay	0.430464	430464	1	12
5.94336	90	0	45	FullDelay	0.84336	843360	2	9
5.94474	11	0	20	FullDelay	3.04474	3.04474e+06	3	16
5.95631	66	0	56	FullDelay	0.256312	256312	1	6
5.9577	5	0	54	FullDelay	0.457704	457704	1	13
5.95992	9	0	56	FullDelay	0.25992	259920	1	9
5.97051	8	0	55	FullDelay	0.370512	370512	1	10
5.9719	1	0	53	FullDelay	0.571896	571896	1	17
5.98479	22	0	54	FullDelay	0.484792	484792	1	14
5.99766	25	0	55	FullDelay	0.397664	397664	1	11
6.01064	46	0	44	FullDelay	0.31064	310640	1	8
6.01203	30	0	54	FullDelay	0.512032	512032	1	15
6.02482	15	0	55	FullDelay	0.424816	424816	1	12
6.0477	11	0	23	FullDelay	2.7477	2.7477e+06	3	16
6.05068	66	0	57	FullDelay	0.25068	250680	1	6
6.05207	5	0	55	FullDelay	0.452072	452072	1	13
6.05992	9	0	57	FullDelay	0.25992	259920	1	9
6.06066	50	0	34	FullDelay	0.460656	460656	1	13
6.06491	8	0	56	FullDelay	0.364912	364912	1	10
6.07347	80	0	4	FullDelay	5.67347	5.67347e+06	4	10
6.07485	1	0	54	FullDelay	0.574848	574848	1	17
6.08777	22	0	55	FullDelay	0.487768	487768	1	14
6.10062	25	0	56	FullDelay	0.400624	400624	1	11
6.11358	46	0	45	FullDelay	0.313584	313584	1	8
6.11498	30	0	55	FullDelay	0.514984	514984	1	15
6.12778	15	0	56	FullDelay	0.427776	427776	1	12
6.14068	90	0	48	FullDelay	0.74068	740680	2	9
6.15363	66	0	58	FullDelay	0.253632	253632	1	6
6.15502	5	0	56	FullDelay	0.455024	455024	1	13
6.15992	9	0	58	FullDelay	0.25992	259920	1	9
6.16783	8	0	57	FullDelay	0.367832	367832	1	10
6.16922	1	0	55	FullDelay	0.569224	569224	1	17
6.18211	22	0	56	FullDelay	0.482112	482112	1	14
6.19498	25	0	57	FullDelay	0.394984	394984	1	11
6.20365	70	0	7	FullDelay	5.50365	5.50365e+06	3	11
6.20496	0	0	32	FullDelay	0.60496	604960	1	18
6.20935	30	0	56	FullDelay	0.509352	509352	1	15
6.21654	46	0	46	FullDelay	0.316544	316544	1	8
6.23074	15	0	57	FullDelay	0.430736	430736	1	12
6.24364	90	0	51	FullDelay	0.34364	343640	1	9
6.24502	11	0	32	FullDelay	1.24502	1.24502e+06	2	16
6.25659	66	0	59	FullDelay	0.256592	256592	1	6
6.25798	5	0	57	FullDelay	0.457976	457976	1	13
6.25992	9	0	59	FullDelay	0.25992	259920	1	9
6.27079	8	0	58	FullDelay	0.370792	370792	1	10
6.27217	1	0	56	FullDelay	0.572168	572168	1	17
6.28506	22	0	57	FullDelay	0.485064	485064	1	14
6.29794	25	0	58	FullDelay	0.397944	397944	1	11
6.31092	46	0	47	FullDelay	0.31092	310920	1	8
6.3123	30	0	57	FullDelay	0.512304	512304	1	15
6.3251	15	0	58	FullDelay	0.425096	425096	1	12
6.34806	20	0	39	FullDelay	0.548056	548056	1	16
6.35096	66	0	60	FullDelay	0.25096	250960	1	6
6.35235	5	0	58	FullDelay	0.452352	452352	1	13
6.35992	9	0	60	FullDelay	0.25992	259920	1	9
6.36094	50	0	37	FullDelay	0.460936	460936	1	13
6.36519	8	0	59	FullDelay	0.365192	365192	1	10
6.37375	80	0	10	FullDelay	5.27375	5.27375e+06	3	10
6.3752	1	0	57	FullDelay	0.5752	575200	1	17
6.38805	22	0	58	FullDelay	0.488048	488048	1	14
6.4009	25	0	59	FullDelay	0.400904	400904	1	11
6.41386	46	0	48	FullDelay	0.313864	313864	1	8
6.41526	30	0	58	FullDelay	0.515264	515264	1	15
6.42806	15	0	59	FullDelay	0.428056	428056	1	12
6.44096	90	0	50	FullDelay	0.74096	740960	2	9
6.45391	66	0	61	FullDelay	0.253912	253912	1	6
6.4553	5	0	59	FullDelay	0.455304	455304	1	13
6.45992	9	0	61	FullDelay	0.25992	259920	1	9
6.46811	8	0	60	FullDelay	0.368112	368112	1	10
6.4695	1	0	58	FullDelay	0.569504	569504	1	17
6.48239	22	0	59	FullDelay	0.482392	482392	1	14
6.49526	25	0	60	FullDelay	0.395264	395264	1	11
6.50393	7	0	35	FullDelay	0.403928	403928	1	11
6.50524	0	0	4	FullDelay	6.10524	6.10524e+06	4	18
6.50963	30	0	59	FullDelay	0.509632	509632	1	15
6.51682	46	0	49	FullDelay	0.316824	316824	1	8
6.53106	15	0	60	FullDelay	0.431056	431056	1	12
6.54392	90	0	53	FullDelay	0.34392	343920	1	9
6.5453	11	0	35	FullDelay	1.2453	1.2453e+06	2	16
6.55687	66	0	62	FullDelay	0.256872	256872	1	6
6.55826	5	0	60	FullDelay	0.458256	458256	1	13
6.55992	9	0	62	FullDelay	0.25992	259920	1	9
6.57107	8	0	61	FullDelay	0.371072	371072	1	10
6.57245	1	0	59	FullDelay	0.572448	572448	1	17
6.58534	22	0	60	FullDelay	0.485344	485344	1	14
6.59822	25	0	61	FullDelay	0.398224	398224	1	11
6.6112	46	0	50	FullDelay	0.3112	311200	1	8
6.61258	30	0	60	FullDelay	0.512584	512584	1	15
6.62538	15	0	61	FullDelay	0.425376	425376	1	12
6.64834	20	0	42	FullDelay	0.548336	548336	1	16
6.65124	66	0	63	FullDelay	0.25124	251240	1	6
6.65263	5	0	61	FullDelay	0.452632	452632	1	13
6.65992	9	0	63	FullDelay	0.25992	259920	1	9
6.66122	50	0	2	FullDelay	6.46122	6.46122e+06	3	13
6.66547	8	0	62	FullDelay	0.365472	365472	1	10
6.67403	80	0	15	FullDelay	4.87403	4.87403e+06	3	10
6.67548	1	0	60	FullDelay	0.57548	575480	1	17
6.68833	22	0	61	FullDelay	0.488328	488328	1	14
6.70118	25	0	62	FullDelay	0.401184	401184	1	11
6.71414	46	0	51	FullDelay	0.314144	314144	1	8
6.71554	30	0	61	FullDelay	0.515544	515544	1	15
6.72834	15	0	62	FullDelay	0.428336	428336	1	12
6.74124	90	0	52	FullDelay	0.74124	741240	2	9
6.75419	66	0	64	FullDelay	0.254192	254192	1	6
6.75558	5	0	62	FullDelay	0.455584	455584	1	13
6.75992	9	0	64	FullDelay	0.25992	259920	1	9
6.76839	8	0	63	FullDelay	0.368392	368392	1	10
6.76978	1	0	61	FullDelay	0.569784	569784	1	17
6.78267	22	0	62	FullDelay	0.482672	482672	1	14
6.79554	25	0	63	FullDelay	0.395544	395544	1	11
6.80552	0	0	17	FullDelay	4.00552	4.00552e+06	3	18
6.80991	30	0	62	FullDelay	0.509912	509912	1	15
6.8171	55	0	37	FullDelay	0.317104	317104	1	8
6.8227	15	0	63	FullDelay	0.422696	422696	1	12
6.83137	60	0	34	FullDelay	0.431368	431368	1	12
6.8442	90	0	55	FullDelay	0.3442	344200	1	9
6.84558	11	0	40	FullDelay	0.545576	545576	1	16
6.85715	66	0	65	FullDelay	0.257152	257152	1	6
6.85854	5	0	63	FullDelay	0.458536	458536	1	13
6.85992	9	0	65	FullDelay	0.25992	259920	1	9
6.87135	8	0	64	FullDelay	0.371352	371352	1	10
6.87273	1	0	62	FullDelay	0.572728	572728	1	17
6.88562	22	0	63	FullDelay	0.485624	485624	1	14
6.8985	25	0	64	FullDelay	0.398504	398504	1	11
6.91148	46	0	53	FullDelay	0.31148	311480	1	8
6.91286	30	0	63	FullDelay	0.512864	512864	1	15
6.92566	15	0	64	FullDelay	0.425656	425656	1	12
6.93858	90	0	56	FullDelay	0.338576	338576	1	9
6.95152	66	0	66	FullDelay	0.25152	251520	1	6
6.95291	5	0	64	FullDelay	0.452912	452912	1	13
6.95992	9	0	66	FullDelay	0.25992	259920	1	9
6.9615	50	0	7	FullDelay	6.2615	6.2615e+06	3	13
6.96573	8	0	65	FullDelay	0.365728	365728	1	10
6.9671	1	0	63	FullDelay	0.567104	567104	1	17
6.9743	80	0	20	FullDelay	4.5743	4.5743e+06	2	10
6.97578	10	0	35	FullDelay	0.575776	575776	1	17
6.98861	22	0	64	FullDelay	0.488608	488608	1	14
7.00146	25	0	65	FullDelay	0.401456	401456	1	11
7.01442	46	0	54	FullDelay	0.314424	314424	1	8
7.01582	30	0	64	FullDelay	0.515824	515824	1	15
7.02861	15	0	65	FullDelay	0.428608	428608	1	12
7.04152	90	0	54	FullDelay	0.74152	741520	2	9
7.05447	66	0	67	FullDelay	0.254472	254472	1	6
7.05586	5	0	65	FullDelay	0.455864	455864	1	13
7.05992	9	0	67	FullDelay	0.25992	259920	1	9
7.06867	8	0	66	FullDelay	0.368672	368672	1	10
7.07006	1	0	64	FullDelay	0.570064	570064	1	17
7.08295	22	0	65	FullDelay	0.482952	482952	1	14
7.09582	25	0	66	FullDelay	0.395824	395824	1	11
7.11019	30	0	65	FullDelay	0.510192	510192	1	15
7.12298	15	0	66	FullDelay	0.422976	422976	1	12
7.13165	60	0	37	FullDelay	0.431648	431648	1	12
7.14447	90	0	57	FullDelay	0.344472	344472	1	9
7.14586	11	0	43	FullDelay	0.545856	545856	1	16
7.14884	66	0	68	FullDelay	0.24884	248840	1	6
7.15882	5	0	66	FullDelay	0.458816	458816	1	13
7.15992	9	0	68	FullDelay	0.25992	259920	1	9
7.17162	8	0	67	FullDelay	0.371624	371624	1	10
7.17301	1	0	65	FullDelay	0.573008	573008	1	17
7.1859	22	0	66	FullDelay	0.485904	485904	1	14
7.19878	25	0	67	FullDelay	0.398776	398776	1	11
7.21174	46	0	52	FullDelay	0.711744	711744	2	8
7.21314	30	0	66	FullDelay	0.513144	513144	1	15
7.22593	15	0	67	FullDelay	0.425928	425928	1	12
7.23884	90	0	58	FullDelay	0.33884	338840	1	9
7.25178	66	0	69	FullDelay	0.251784	251784	1	6
7.25318	5	0	67	FullDelay	0.453184	453184	1	13
7.25992	9	0	69	FullDelay	0.25992	259920	1	9
7.26599	8	0	68	FullDelay	0.365992	365992	1	10
7.26738	1	0	66	FullDelay	0.567384	567384	1	17
7.27457	80	0	24	FullDelay	3.07457	3.07457e+06	2	10
7.27606	10	0	26	FullDelay	3.57606	3.57606e+06	2	17
7.28027	22	0	67	FullDelay	0.480272	480272	1	14
7.30172	25	0	68	FullDelay	0.40172	401720	1	11
7.30319	0	0	25	FullDelay	3.70319	3.70319e+06	2	18
7.30751	30	0	67	FullDelay	0.507512	507512	1	15
7.31469	46	0	56	FullDelay	0.314688	314688	1	8
7.32887	15	0	68	FullDelay	0.428872	428872	1	12
7.34178	90	0	59	FullDelay	0.341784	341784	1	9
7.34318	11	0	28	FullDelay	3.54318	3.54318e+06	4	16
7.35474	66	0	70	FullDelay	0.254736	254736	1	6
7.35613	5	0	68	FullDelay	0.456128	456128	1	13
7.35992	9	0	70	FullDelay	0.25992	259920	1	9
7.36894	8	0	69	FullDelay	0.368936	368936	1	10
7.37033	1	0	67	FullDelay	0.570328	570328	1	17
7.38322	22	0	68	FullDelay	0.483216	483216	1	14
7.39609	25	0	69	FullDelay	0.396088	396088	1	11
7.41046	30	0	68	FullDelay	0.510456	510456	1	15
7.42324	15	0	69	FullDelay	0.42324	423240	1	12
7.43191	60	0	5	FullDelay	6.93191	6.93191e+06	4	12
7.44474	90	0	60	FullDelay	0.344736	344736	1	9
7.44612	11	0	36	FullDelay	1.64612	1.64612e+06	2	16
7.4491	66	0	71	FullDelay	0.249104	249104	1	6
7.45908	5	0	69	FullDelay	0.45908	459080	1	13
7.45992	9	0	71	FullDelay	0.25992	259920	1	9
7.47189	8	0	70	FullDelay	0.371888	371888	1	10
7.47327	1	0	68	FullDelay	0.573272	573272	1	17
7.48617	22	0	69	FullDelay	0.486168	486168	1	14
7.49904	25	0	70	FullDelay	0.39904	399040	1	11
7.51201	46	0	55	FullDelay	0.712008	712008	2	8
7.51341	30	0	69	FullDelay	0.513408	513408	1	15
7.52619	15	0	70	FullDelay	0.426192	426192	1	12
7.5391	90	0	61	FullDelay	0.339104	339104	1	9
7.55205	66	0	72	FullDelay	0.252048	252048	1	6
7.55345	5	0	70	FullDelay	0.453448	453448	1	13
7.55992	9	0	72	FullDelay	0.25992	259920	1	9
7.56626	8	0	71	FullDelay	0.366256	366256	1	10
7.56765	1	0	69	FullDelay	0.567648	567648	1	17
7.57483	80	0	27	FullDelay	3.07483	3.07483e+06	2	10
7.57632	10	0	40	FullDelay	0.57632	576320	1	17
7.58054	22	0	70	FullDelay	0.480536	480536	1	14
7.60198	25	0	71	FullDelay	0.401984	401984	1	11
7.60346	0	0	30	FullDelay	2.20346	2.20346e+06	2	18
7.60778	30	0	70	FullDelay	0.507776	507776	1	15
7.61495	46	0	58	FullDelay	0.314952	314952	1	8
7.62914	15	0	71	FullDelay	0.429136	429136	1	12
7.64205	90	0	62	FullDelay	0.342048	342048	1	9
7.64344	11	0	38	FullDelay	1.54344	1.54344e+06	2	16
7.655	66	0	73	FullDelay	0.255	255000	1	6
7.65639	5	0	71	FullDelay	0.456392	456392	1	13
7.65992	9	0	73	FullDelay	0.25992	259920	1	9
7.6692	8	0	72	FullDelay	0.3692	369200	1	10
7.67059	1	0	70	FullDelay	0.570592	570592	1	17
7.68348	22	0	71	FullDelay	0.48348	483480	1	14
7.69635	25	0	72	FullDelay	0.396352	396352	1	11
7.71072	30	0	71	FullDelay	0.51072	510720	1	15
7.7235	15	0	72	FullDelay	0.423504	423504	1	12
7.73218	60	0	12	FullDelay	6.43218	6.43218e+06	3	12
7.745	90	0	63	FullDelay	0.345	345000	1	9
7.74638	11	0	39	FullDelay	1.54638	1.54638e+06	2	16
7.74937	66	0	74	FullDelay	0.249368	249368	1	6
7.75934	5	0	72	FullDelay	0.459344	459344	1	13
7.75992	9	0	74	FullDelay	0.25992	259920	1	9
7.77215	8	0	73	FullDelay	0.372152	372152	1	10
7.77354	1	0	71	FullDelay	0.573536	573536	1	17
7.78643	22	0	72	FullDelay	0.486432	486432	1	14
7.7993	25	0	73	FullDelay	0.399304	399304	1	11
7.81227	46	0	57	FullDelay	0.712272	712272	2	8
7.81367	30	0	72	FullDelay	0.513672	513672	1	15
7.82646	15	0	73	FullDelay	0.426456	426456	1	12
7.83937	90	0	64	FullDelay	0.339368	339368	1	9
7.85232	66	0	75	FullDelay	0.25232	252320	1	6
7.85371	5	0	73	FullDelay	0.453712	453712	1	13
7.85992	9	0	75	FullDelay	0.25992	259920	1	9
7.86652	8	0	74	FullDelay	0.36652	366520	1	10
7.86791	1	0	72	FullDelay	0.567912	567912	1	17
7.87518	44	0	29	FullDelay	4.37518	4.37518e+06	2	10
7.87658	10	0	5	FullDelay	7.37658	7.37658e+06	4	17
7.8808	22	0	73	FullDelay	0.4808	480800	1	14
7.90229	25	0	74	FullDelay	0.402288	402288	1	11
7.90372	0	0	34	FullDelay	0.60372	603720	1	18
7.90804	30	0	73	FullDelay	0.50804	508040	1	15
7.91522	46	0	60	FullDelay	0.315224	315224	1	8
7.92944	15	0	74	FullDelay	0.42944	429440	1	12
7.94232	90	0	65	FullDelay	0.34232	342320	1	9
7.9437	11	0	42	FullDelay	1.4437	1.4437e+06	2	16
7.95527	66	0	76	FullDelay	0.255272	255272	1	6
7.95666	5	0	74	FullDelay	0.456664	456664	1	13
7.95992	9	0	76	FullDelay	0.25992	259920	1	9
7.96947	8	0	75	FullDelay	0.369472	369472	1	10
7.97086	1	0	73	FullDelay	0.570856	570856	1	17
7.98375	22	0	74	FullDelay	0.483752	483752	1	14
7.99662	25	0	75	FullDelay	0.396624	396624	1	11
8.01099	30	0	74	FullDelay	0.510992	510992	1	15
8.02378	15	0	75	FullDelay	0.423776	423776	1	12
8.03245	60	0	16	FullDelay	5.83245	5.83245e+06	3	12
8.04527	90	0	66	FullDelay	0.345272	345272	1	9
8.04666	11	0	45	FullDelay	0.546656	546656	1	16
8.04964	66	0	77	FullDelay	0.24964	249640	1	6
8.05962	5	0	75	FullDelay	0.459616	459616	1	13
8.05992	9	0	77	FullDelay	0.25992	259920	1	9
8.07242	8	0	76	FullDelay	0.372424	372424	1	10
8.07381	1	0	74	FullDelay	0.573808	573808	1	17
8.0867	22	0	75	FullDelay	0.486704	486704	1	14
8.09958	25	0	76	FullDelay	0.399576	399576	1	11
8.11254	46	0	59	FullDelay	0.712544	712544	2	8
8.11394	30	0	75	FullDelay	0.513944	513944	1	15
8.12673	15	0	76	FullDelay	0.426728	426728	1	12
8.13964	90	0	67	FullDelay	0.33964	339640	1	9
8.15259	66	0	78	FullDelay	0.252592	252592	1	6
8.15398	5	0	76	FullDelay	0.453984	453984	1	13
8.15992	9	0	78	FullDelay	0.25992	259920	1	9
8.16679	8	0	77	FullDelay	0.366792	366792	1	10
8.16818	1	0	75	FullDelay	0.568184	568184	1	17
8.17545	35	0	29	FullDelay	4.37545	4.37545e+06	2	10
8.17686	10	0	11	FullDelay	7.07686	7.07686e+06	4	17
8.18107	22	0	76	FullDelay	0.481072	481072	1	14
8.20256	25	0	77	FullDelay	0.40256	402560	1	11
8.20399	0	0	37	FullDelay	0.603992	603992	1	18
8.20831	30	0	76	FullDelay	0.508312	508312	1	15
8.2155	46	0	62	FullDelay	0.315496	315496	1	8
8.22971	15	0	77	FullDelay	0.429712	429712	1	12
8.24259	90	0	68	FullDelay	0.342592	342592	1	9
8.24398	11	0	47	FullDelay	0.543976	543976	1	16
8.25554	66	0	79	FullDelay	0.255544	255544	1	6
8.25694	5	0	77	FullDelay	0.456936	456936	1	13
8.25992	9	0	79	FullDelay	0.25992	259920	1	9
8.26974	8	0	78	FullDelay	0.369744	369744	1	10
8.27113	1	0	76	FullDelay	0.571128	571128	1	17
8.28402	22	0	77	FullDelay	0.484024	484024	1	14
8.2969	25	0	78	FullDelay	0.396896	396896	1	11
8.31126	30	0	77	FullDelay	0.511264	511264	1	15
8.32405	15	0	78	FullDelay	0.424048	424048	1	12
8.33272	60	0	19	FullDelay	5.83272	5.83272e+06	3	12
8.34554	90	0	69	FullDelay	0.345544	345544	1	9
8.34693	11	0	48	FullDelay	0.546928	546928	1	16
8.34991	66	0	80	FullDelay	0.249912	249912	1	6
8.35989	5	0	78	FullDelay	0.459888	459888	1	13
8.35992	9	0	80	FullDelay	0.25992	259920	1	9
8.3727	8	0	79	FullDelay	0.372696	372696	1	10
8.37408	1	0	77	FullDelay	0.57408	574080	1	17
8.38698	22	0	78	FullDelay	0.486976	486976	1	14
8.39985	25	0	79	FullDelay	0.399848	399848	1	11
8.41282	46	0	61	FullDelay	0.712816	712816	2	8
8.41422	30	0	78	FullDelay	0.514216	514216	1	15
8.427	15	0	79	FullDelay	0.427	427000	1	12
8.43991	90	0	70	FullDelay	0.339912	339912	1	9
8.45286	66	0	81	FullDelay	0.252864	252864	1	6
8.45426	5	0	79	FullDelay	0.454256	454256	1	13
8.45992	9	0	81	FullDelay	0.25992	259920	1	9
8.46706	8	0	80	FullDelay	0.367064	367064	1	10
8.46846	1	0	78	FullDelay	0.568456	568456	1	17
8.47713	10	0	17	FullDelay	6.17713	6.17713e+06	3	17
8.48134	22	0	79	FullDelay	0.481344	481344	1	14
8.49422	25	0	80	FullDelay	0.394216	394216	1	11
8.50288	70	0	38	FullDelay	0.40288	402880	1	11
8.50426	0	0	40	FullDelay	0.604264	604264	1	18
8.50858	30	0	79	FullDelay	0.508584	508584	1	15
8.51577	46	0	64	FullDelay	0.315768	315768	1	8
8.52997	15	0	80	FullDelay	0.429968	429968	1	12
8.54286	90	0	71	FullDelay	0.342864	342864	1	9
8.54425	11	0	50	FullDelay	0.544248	544248	1	16
8.55582	66	0	82	FullDelay	0.255816	255816	1	6
8.55721	5	0	80	FullDelay	0.457208	457208	1	13
8.55992	9	0	82	FullDelay	0.25992	259920	1	9
8.57002	8	0	81	FullDelay	0.370016	370016	1	10
8.5714	1	0	79	FullDelay	0.5714	571400	1	17
8.5843	22	0	80	FullDelay	0.484296	484296	1	14
8.59717	25	0	81	FullDelay	0.397168	397168	1	11
8.61014	46	0	65	FullDelay	0.310144	310144	1	8
8.61154	30	0	80	FullDelay	0.511536	511536	1	15
8.62432	15	0	81	FullDelay	0.42432	424320	1	12
8.63299	33	0	29	FullDelay	4.53299	4.53299e+06	2	12
8.6472	11	0	37	FullDelay	2.7472	2.7472e+06	3	16
8.65018	66	0	83	FullDelay	0.250184	250184	1	6
8.65992	9	0	83	FullDelay	0.25992	259920	1	9
8.66016	5	0	81	FullDelay	0.46016	460160	1	13
8.66442	8	0	82	FullDelay	0.364416	364416	1	10
8.67298	80	0	42	FullDelay	0.372976	372976	1	10
8.67435	1	0	80	FullDelay	0.574352	574352	1	17
8.68725	22	0	81	FullDelay	0.487248	487248	1	14
8.70013	25	0	82	FullDelay	0.400128	400128	1	11
8.71309	46	0	63	FullDelay	0.713088	713088	2	8
8.71449	30	0	81	FullDelay	0.514488	514488	1	15
8.72728	15	0	82	FullDelay	0.42728	427280	1	12
8.74018	90	0	73	FullDelay	0.340184	340184	1	9
8.75314	66	0	84	FullDelay	0.253136	253136	1	6
8.75453	5	0	82	FullDelay	0.454528	454528	1	13
8.75992	9	0	84	FullDelay	0.25992	259920	1	9
8.76734	8	0	83	FullDelay	0.367336	367336	1	10
8.76873	1	0	81	FullDelay	0.568728	568728	1	17
8.78162	22	0	82	FullDelay	0.481616	481616	1	14
8.79449	25	0	83	FullDelay	0.394488	394488	1	11
8.80315	70	0	41	FullDelay	0.403152	403152	1	11
8.80446	0	0	8	FullDelay	8.00446	8.00446e+06	5	18
8.80886	30	0	82	FullDelay	0.508856	508856	1	15
8.81604	46	0	66	FullDelay	0.31604	316040	1	8
8.83024	15	0	83	FullDelay	0.43024	430240	1	12
8.84314	90	0	74	FullDelay	0.343136	343136	1	9
8.84452	11	0	44	FullDelay	2.14452	2.14452e+06	2	16
8.85609	66	0	85	FullDelay	0.256088	256088	1	6
8.85748	5	0	83	FullDelay	0.45748	457480	1	13
8.85992	9	0	85	FullDelay	0.25992	259920	1	9
8.87029	8	0	84	FullDelay	0.370288	370288	1	10
8.87167	1	0	82	FullDelay	0.571672	571672	1	17
8.88457	22	0	83	FullDelay	0.484568	484568	1	14
8.89744	25	0	84	FullDelay	0.39744	397440	1	11
8.91042	46	0	67	FullDelay	0.310416	310416	1	8
8.91181	30	0	83	FullDelay	0.511808	511808	1	15
8.92459	15	0	84	FullDelay	0.424592	424592	1	12
8.93326	6	0	29	FullDelay	4.63326	4.63326e+06	2	12
8.94747	11	0	46	FullDelay	1.34747	1.34747e+06	2	16
8.95046	66	0	86	FullDelay	0.250456	250456	1	6
8.95992	9	0	86	FullDelay	0.25992	259920	1	9
8.96043	5	0	84	FullDelay	0.460432	460432	1	13
8.96469	8	0	85	FullDelay	0.364688	364688	1	10
8.97325	80	0	45	FullDelay	0.373248	373248	1	10
8.97462	1	0	83	FullDelay	0.574624	574624	1	17
8.98752	22	0	84	FullDelay	0.48752	487520	1	14
9.0004	25	0	85	FullDelay	0.4004	400400	1	11
9.01336	46	0	68	FullDelay	0.31336	313360	1	8
9.01476	30	0	84	FullDelay	0.51476	514760	1	15
9.02755	15	0	85	FullDelay	0.427552	427552	1	12
9.04046	90	0	76	FullDelay	0.340456	340456	1	9
9.05341	66	0	87	FullDelay	0.253408	253408	1	6
9.0548	5	0	85	FullDelay	0.4548	454800	1	13
9.05992	9	0	87	FullDelay	0.25992	259920	1	9
9.06761	8	0	86	FullDelay	0.367608	367608	1	10
9.069	1	0	84	FullDelay	0.569	569000	1	17
9.08189	22	0	85	FullDelay	0.481888	481888	1	14
9.09476	25	0	86	FullDelay	0.39476	394760	1	11
9.10342	70	0	4	FullDelay	8.70342	8.70342e+06	4	11
9.10474	0	0	21	FullDelay	5.90474	5.90474e+06	4	18
9.10913	30	0	85	FullDelay	0.509128	509128	1	15
9.11631	46	0	69	FullDelay	0.316312	316312	1	8
9.13051	15	0	86	FullDelay	0.430512	430512	1	12
9.14341	90	0	72	FullDelay	0.843408	843408	2	9
9.14479	11	0	49	FullDelay	1.24479	1.24479e+06	2	16
9.15636	66	0	88	FullDelay	0.25636	256360	1	6
9.15775	5	0	86	FullDelay	0.457752	457752	1	13
9.15992	9	0	88	FullDelay	0.25992	259920	1	9
9.17056	8	0	87	FullDelay	0.37056	370560	1	10
9.17194	1	0	85	FullDelay	0.571944	571944	1	17
9.18484	22	0	86	FullDelay	0.48484	484840	1	14
9.19771	25	0	87	FullDelay	0.397712	397712	1	11
9.21069	46	0	70	FullDelay	0.310688	310688	1	8
9.21208	30	0	86	FullDelay	0.51208	512080	1	15
9.22486	15	0	87	FullDelay	0.424864	424864	1	12
9.24774	11	0	52	FullDelay	0.547744	547744	1	16
9.25073	66	0	89	FullDelay	0.250728	250728	1	6
9.25212	5	0	87	FullDelay	0.45212	452120	1	13
9.25992	9	0	89	FullDelay	0.25992	259920	1	9
9.2607	50	0	33	FullDelay	3.7607	3.7607e+06	2	13
9.26496	8	0	88	FullDelay	0.36496	364960	1	10
9.27352	80	0	6	FullDelay	8.67352	8.67352e+06	5	10
9.2749	1	0	86	FullDelay	0.574896	574896	1	17
9.28782	22	0	87	FullDelay	0.487816	487816	1	14
9.30067	25	0	88	FullDelay	0.400672	400672	1	11
9.31363	46	0	71	FullDelay	0.313632	313632	1	8
9.31503	30	0	87	FullDelay	0.515032	515032	1	15
9.32782	15	0	88	FullDelay	0.427824	427824	1	12
9.34073	90	0	75	FullDelay	0.740728	740728	2	9
9.35368	66	0	90	FullDelay	0.25368	253680	1	6
9.35507	5	0	88	FullDelay	0.455072	455072	1	13
9.35992	9	0	90	FullDelay	0.25992	259920	1	9
9.36788	8	0	89	FullDelay	0.36788	367880	1	10
9.36927	1	0	87	FullDelay	0.569272	569272	1	17
9.38216	22	0	88	FullDelay	0.48216	482160	1	14
9.39503	25	0	89	FullDelay	0.395032	395032	1	11
9.4037	70	0	10	FullDelay	8.4037	8.4037e+06	4	11
9.40501	0	0	27	FullDelay	4.30501	4.30501e+06	3	18
9.4094	30	0	88	FullDelay	0.5094	509400	1	15
9.41659	46	0	72	FullDelay	0.316592	316592	1	8
9.43078	15	0	89	FullDelay	0.430784	430784	1	12
9.44369	90	0	78	FullDelay	0.343688	343688	1	9
9.44506	11	0	41	FullDelay	3.04506	3.04506e+06	4	16
9.45664	66	0	91	FullDelay	0.25664	256640	1	6
9.45802	5	0	89	FullDelay	0.458024	458024	1	13
9.45992	9	0	91	FullDelay	0.25992	259920	1	9
9.47084	8	0	90	FullDelay	0.37084	370840	1	10
9.47222	1	0	88	FullDelay	0.572216	572216	1	17
9.48511	22	0	89	FullDelay	0.485112	485112	1	14
9.49799	25	0	90	FullDelay	0.397992	397992	1	11
9.51097	46	0	73	FullDelay	0.310968	310968	1	8
9.51235	30	0	89	FullDelay	0.512352	512352	1	15
9.52514	15	0	90	FullDelay	0.425144	425144	1	12
9.5481	20	0	26	FullDelay	6.7481	6.7481e+06	2	16
9.55101	66	0	92	FullDelay	0.251008	251008	1	6
9.5524	5	0	90	FullDelay	0.4524	452400	1	13
9.55992	9	0	92	FullDelay	0.25992	259920	1	9
9.56098	50	0	41	FullDelay	0.460984	460984	1	13
9.56524	8	0	91	FullDelay	0.36524	365240	1	10
9.5738	80	0	13	FullDelay	7.9738	7.9738e+06	4	10
9.57525	1	0	89	FullDelay	0.575248	575248	1	17
9.5881	22	0	90	FullDelay	0.488096	488096	1	14
9.60095	25	0	91	FullDelay	0.400952	400952	1	11
9.61391	46	0	74	FullDelay	0.313912	313912	1	8
9.61531	30	0	90	FullDelay	0.515312	515312	1	15
9.6281	15	0	91	FullDelay	0.428104	428104	1	12
9.64101	90	0	77	FullDelay	0.741008	741008	2	9
9.65396	66	0	93	FullDelay	0.25396	253960	1	6
9.65535	5	0	91	FullDelay	0.455352	455352	1	13
9.65992	9	0	93	FullDelay	0.25992	259920	1	9
9.66816	8	0	92	FullDelay	0.36816	368160	1	10
9.66955	1	0	90	FullDelay	0.569552	569552	1	17
9.68244	22	0	91	FullDelay	0.48244	482440	1	14
9.69531	25	0	92	FullDelay	0.395312	395312	1	11
9.70398	7	0	32	FullDelay	6.30398	6.30398e+06	2	11
9.70529	0	0	33	FullDelay	2.50529	2.50529e+06	2	18
9.70968	30	0	91	FullDelay	0.50968	509680	1	15
9.71687	46	0	75	FullDelay	0.316872	316872	1	8
9.7311	15	0	92	FullDelay	0.431104	431104	1	12
9.74397	90	0	80	FullDelay	0.343968	343968	1	9
9.74534	11	0	56	FullDelay	0.545344	545344	1	16
9.75692	66	0	94	FullDelay	0.25692	256920	1	6
9.7583	5	0	92	FullDelay	0.458304	458304	1	13
9.75992	9	0	94	FullDelay	0.25992	259920	1	9
9.77112	8	0	93	FullDelay	0.37112	371120	1	10
9.7725	1	0	91	FullDelay	0.572496	572496	1	17
9.78539	22	0	92	FullDelay	0.485392	485392	1	14
9.79827	25	0	93	FullDelay	0.398272	398272	1	11
9.81125	46	0	76	FullDelay	0.311248	311248	1	8
9.81263	30	0	92	FullDelay	0.512632	512632	1	15
9.82542	15	0	93	FullDelay	0.425424	425424	1	12
9.84838	20	0	30	FullDelay	6.64838	6.64838e+06	2	16
9.85129	66	0	95	FullDelay	0.251288	251288	1	6
9.85268	5	0	93	FullDelay	0.45268	452680	1	13
9.85992	9	0	95	FullDelay	0.25992	259920	1	9
9.86126	50	0	44	FullDelay	0.461264	461264	1	13
9.86552	8	0	94	FullDelay	0.36552	365520	1	10
9.87408	80	0	22	FullDelay	7.27408	7.27408e+06	3	10
9.87553	1	0	92	FullDelay	0.575528	575528	1	17
9.88838	22	0	93	FullDelay	0.488376	488376	1	14
9.90123	25	0	94	FullDelay	0.401232	401232	1	11
9.91419	46	0	77	FullDelay	0.314192	314192	1	8
9.91559	30	0	93	FullDelay	0.515592	515592	1	15
9.92838	15	0	94	FullDelay	0.428384	428384	1	12
9.94129	90	0	79	FullDelay	0.741288	741288	2	9
9.95424	66	0	96	FullDelay	0.25424	254240	1	6
9.95563	5	0	94	FullDelay	0.455632	455632	1	13
9.95992	9	0	96	FullDelay	0.25992	259920	1	9
9.96844	8	0	95	FullDelay	0.36844	368440	1	10
9.96983	1	0	93	FullDelay	0.569832	569832	1	17
9.98272	22	0	94	FullDelay	0.48272	482720	1	14
9.99559	25	0	95	FullDelay	0.395592	395592	1	11
