Time	Node	AppId	SeqNo	Type	DelayS	DelayUS	RetxCount	HopCount
0.30216	11	0	1	LastDelay	0.20216	202160	1	7
0.30216	11	0	1	FullDelay	0.20216	202160	1	7
0.40216	11	0	2	LastDelay	0.20216	202160	1	7
0.40216	11	0	2	FullDelay	0.20216	202160	1	7
0.50216	11	0	3	LastDelay	0.20216	202160	1	7
0.50216	11	0	3	FullDelay	0.20216	202160	1	7
0.50432	0	0	1	LastDelay	0.40432	404320	1	14
0.50432	0	0	1	FullDelay	0.40432	404320	1	14
0.60216	11	0	4	LastDelay	0.20216	202160	1	7
0.60216	11	0	4	FullDelay	0.20216	202160	1	7
0.60432	0	0	2	LastDelay	0.40432	404320	1	14
0.60432	0	0	2	FullDelay	0.40432	404320	1	14
0.70216	11	0	5	LastDelay	0.20216	202160	1	7
0.70216	11	0	5	FullDelay	0.20216	202160	1	7
0.70432	0	0	3	LastDelay	0.40432	404320	1	14
0.70432	0	0	3	FullDelay	0.40432	404320	1	14
0.80216	11	0	0	LastDelay	0.20216	202160	1	7
0.80216	11	0	0	FullDelay	0.80216	802160	2	7
0.80432	0	0	4	LastDelay	0.40432	404320	1	14
0.80432	0	0	4	FullDelay	0.40432	404320	1	14
0.90216	11	0	6	LastDelay	0.20216	202160	1	7
0.90216	11	0	6	FullDelay	0.20216	202160	1	7
0.90432	0	0	5	LastDelay	0.40432	404320	1	14
0.90432	0	0	5	FullDelay	0.40432	404320	1	14
1.00216	11	0	7	LastDelay	0.20216	202160	1	7
1.00216	11	0	7	FullDelay	0.20216	202160	1	7
1.00432	0	0	6	LastDelay	0.40432	404320	1	14
1.00432	0	0	6	FullDelay	0.40432	404320	1	14
1.10216	11	0	8	LastDelay	0.20216	202160	1	7
1.10216	11	0	8	FullDelay	0.20216	202160	1	7
1.10432	0	0	7	LastDelay	0.40432	404320	1	14
1.10432	0	0	7	FullDelay	0.40432	404320	1	14
1.20216	11	0	9	LastDelay	0.20216	202160	1	7
1.20216	11	0	9	FullDelay	0.20216	202160	1	7
1.20432	0	0	8	LastDelay	0.40432	404320	1	14
1.20432	0	0	8	FullDelay	0.40432	404320	1	14
1.30216	11	0	10	LastDelay	0.20216	202160	1	7
1.30216	11	0	10	FullDelay	0.20216	202160	1	7
1.30432	0	0	0	LastDelay	0.40432	404320	1	14
1.30432	0	0	0	FullDelay	1.30432	1.30432e+06	2	14
1.40216	11	0	11	LastDelay	0.20216	202160	1	7
1.40216	11	0	11	FullDelay	0.20216	202160	1	7
1.40432	0	0	9	LastDelay	0.40432	404320	1	14
1.40432	0	0	9	FullDelay	0.40432	404320	1	14
1.50216	11	0	12	LastDelay	0.20216	202160	1	7
1.50216	11	0	12	FullDelay	0.20216	202160	1	7
1.50432	0	0	10	LastDelay	0.40432	404320	1	14
1.50432	0	0	10	FullDelay	0.40432	404320	1	14
1.60216	11	0	13	LastDelay	0.20216	202160	1	7
1.60216	11	0	13	FullDelay	0.20216	202160	1	7
1.60432	0	0	11	LastDelay	0.40432	404320	1	14
1.60432	0	0	11	FullDelay	0.40432	404320	1	14
1.70216	11	0	14	LastDelay	0.20216	202160	1	7
1.70216	11	0	14	FullDelay	0.20216	202160	1	7
1.70432	0	0	12	LastDelay	0.40432	404320	1	14
1.70432	0	0	12	FullDelay	0.40432	404320	1	14
1.80216	11	0	15	LastDelay	0.20216	202160	1	7
1.80216	11	0	15	FullDelay	0.20216	202160	1	7
1.80432	0	0	13	LastDelay	0.40432	404320	1	14
1.80432	0	0	13	FullDelay	0.40432	404320	1	14
1.90216	11	0	16	LastDelay	0.20216	202160	1	7
1.90216	11	0	16	FullDelay	0.20216	202160	1	7
1.90432	0	0	14	LastDelay	0.40432	404320	1	14
1.90432	0	0	14	FullDelay	0.40432	404320	1	14
2.00216	11	0	17	LastDelay	0.20216	202160	1	7
2.00216	11	0	17	FullDelay	0.20216	202160	1	7
2.00432	0	0	15	LastDelay	0.40432	404320	1	14
2.00432	0	0	15	FullDelay	0.40432	404320	1	14
2.10216	11	0	18	LastDelay	0.20216	202160	1	7
2.10216	11	0	18	FullDelay	0.20216	202160	1	7
2.10432	0	0	16	LastDelay	0.40432	404320	1	14
2.10432	0	0	16	FullDelay	0.40432	404320	1	14
2.20216	11	0	19	LastDelay	0.20216	202160	1	7
2.20216	11	0	19	FullDelay	0.20216	202160	1	7
2.20432	0	0	17	LastDelay	0.40432	404320	1	14
2.20432	0	0	17	FullDelay	0.40432	404320	1	14
2.30216	11	0	20	LastDelay	0.20216	202160	1	7
2.30216	11	0	20	FullDelay	0.20216	202160	1	7
2.30432	0	0	18	LastDelay	0.40432	404320	1	14
2.30432	0	0	18	FullDelay	0.40432	404320	1	14
2.40216	11	0	21	LastDelay	0.20216	202160	1	7
2.40216	11	0	21	FullDelay	0.20216	202160	1	7
2.40432	0	0	19	LastDelay	0.40432	404320	1	14
2.40432	0	0	19	FullDelay	0.40432	404320	1	14
2.50216	11	0	22	LastDelay	0.20216	202160	1	7
2.50216	11	0	22	FullDelay	0.20216	202160	1	7
2.50432	0	0	20	LastDelay	0.40432	404320	1	14
2.50432	0	0	20	FullDelay	0.40432	404320	1	14
2.60216	11	0	23	LastDelay	0.20216	202160	1	7
2.60216	11	0	23	FullDelay	0.20216	202160	1	7
2.60432	0	0	21	LastDelay	0.40432	404320	1	14
2.60432	0	0	21	FullDelay	0.40432	404320	1	14
2.70216	11	0	24	LastDelay	0.20216	202160	1	7
2.70216	11	0	24	FullDelay	0.20216	202160	1	7
2.70432	0	0	22	LastDelay	0.40432	404320	1	14
2.70432	0	0	22	FullDelay	0.40432	404320	1	14
2.80216	11	0	25	LastDelay	0.20216	202160	1	7
2.80216	11	0	25	FullDelay	0.20216	202160	1	7
2.80432	0	0	23	LastDelay	0.40432	404320	1	14
2.80432	0	0	23	FullDelay	0.40432	404320	1	14
2.90216	11	0	26	LastDelay	0.20216	202160	1	7
2.90216	11	0	26	FullDelay	0.20216	202160	1	7
2.90432	0	0	24	LastDelay	0.40432	404320	1	14
2.90432	0	0	24	FullDelay	0.40432	404320	1	14
3.00216	11	0	27	LastDelay	0.20216	202160	1	7
3.00216	11	0	27	FullDelay	0.20216	202160	1	7
3.00432	0	0	25	LastDelay	0.40432	404320	1	14
3.00432	0	0	25	FullDelay	0.40432	404320	1	14
3.10216	11	0	28	LastDelay	0.20216	202160	1	7
3.10216	11	0	28	FullDelay	0.20216	202160	1	7
3.10432	0	0	26	LastDelay	0.40432	404320	1	14
3.10432	0	0	26	FullDelay	0.40432	404320	1	14
3.20216	11	0	29	LastDelay	0.20216	202160	1	7
3.20216	11	0	29	FullDelay	0.20216	202160	1	7
3.20432	0	0	27	LastDelay	0.40432	404320	1	14
3.20432	0	0	27	FullDelay	0.40432	404320	1	14
3.30216	11	0	30	LastDelay	0.20216	202160	1	7
3.30216	11	0	30	FullDelay	0.20216	202160	1	7
3.30432	0	0	28	LastDelay	0.40432	404320	1	14
3.30432	0	0	28	FullDelay	0.40432	404320	1	14
3.40216	11	0	31	LastDelay	0.20216	202160	1	7
3.40216	11	0	31	FullDelay	0.20216	202160	1	7
3.40432	0	0	29	LastDelay	0.40432	404320	1	14
3.40432	0	0	29	FullDelay	0.40432	404320	1	14
3.50216	11	0	32	LastDelay	0.20216	202160	1	7
3.50216	11	0	32	FullDelay	0.20216	202160	1	7
3.50432	0	0	30	LastDelay	0.40432	404320	1	14
3.50432	0	0	30	FullDelay	0.40432	404320	1	14
3.60216	11	0	33	LastDelay	0.20216	202160	1	7
3.60216	11	0	33	FullDelay	0.20216	202160	1	7
3.60432	0	0	31	LastDelay	0.40432	404320	1	14
3.60432	0	0	31	FullDelay	0.40432	404320	1	14
3.70216	11	0	34	LastDelay	0.20216	202160	1	7
3.70216	11	0	34	FullDelay	0.20216	202160	1	7
3.70432	0	0	32	LastDelay	0.40432	404320	1	14
3.70432	0	0	32	FullDelay	0.40432	404320	1	14
3.80216	11	0	35	LastDelay	0.20216	202160	1	7
3.80216	11	0	35	FullDelay	0.20216	202160	1	7
3.80432	0	0	33	LastDelay	0.40432	404320	1	14
3.80432	0	0	33	FullDelay	0.40432	404320	1	14
3.90216	11	0	36	LastDelay	0.20216	202160	1	7
3.90216	11	0	36	FullDelay	0.20216	202160	1	7
3.90432	0	0	34	LastDelay	0.40432	404320	1	14
3.90432	0	0	34	FullDelay	0.40432	404320	1	14
4.00216	11	0	37	LastDelay	0.20216	202160	1	7
4.00216	11	0	37	FullDelay	0.20216	202160	1	7
4.00432	0	0	35	LastDelay	0.40432	404320	1	14
4.00432	0	0	35	FullDelay	0.40432	404320	1	14
4.10216	11	0	38	LastDelay	0.20216	202160	1	7
4.10216	11	0	38	FullDelay	0.20216	202160	1	7
4.10432	0	0	36	LastDelay	0.40432	404320	1	14
4.10432	0	0	36	FullDelay	0.40432	404320	1	14
4.20216	11	0	39	LastDelay	0.20216	202160	1	7
4.20216	11	0	39	FullDelay	0.20216	202160	1	7
4.20432	0	0	37	LastDelay	0.40432	404320	1	14
4.20432	0	0	37	FullDelay	0.40432	404320	1	14
4.30216	11	0	40	LastDelay	0.20216	202160	1	7
4.30216	11	0	40	FullDelay	0.20216	202160	1	7
4.30432	0	0	38	LastDelay	0.40432	404320	1	14
4.30432	0	0	38	FullDelay	0.40432	404320	1	14
4.40216	11	0	41	LastDelay	0.20216	202160	1	7
4.40216	11	0	41	FullDelay	0.20216	202160	1	7
4.40432	0	0	39	LastDelay	0.40432	404320	1	14
4.40432	0	0	39	FullDelay	0.40432	404320	1	14
4.50216	11	0	42	LastDelay	0.20216	202160	1	7
4.50216	11	0	42	FullDelay	0.20216	202160	1	7
4.50432	0	0	40	LastDelay	0.40432	404320	1	14
4.50432	0	0	40	FullDelay	0.40432	404320	1	14
4.60216	11	0	43	LastDelay	0.20216	202160	1	7
4.60216	11	0	43	FullDelay	0.20216	202160	1	7
4.60432	0	0	41	LastDelay	0.40432	404320	1	14
4.60432	0	0	41	FullDelay	0.40432	404320	1	14
4.70216	11	0	44	LastDelay	0.20216	202160	1	7
4.70216	11	0	44	FullDelay	0.20216	202160	1	7
4.70432	0	0	42	LastDelay	0.40432	404320	1	14
4.70432	0	0	42	FullDelay	0.40432	404320	1	14
4.80216	11	0	45	LastDelay	0.20216	202160	1	7
4.80216	11	0	45	FullDelay	0.20216	202160	1	7
4.80432	0	0	43	LastDelay	0.40432	404320	1	14
4.80432	0	0	43	FullDelay	0.40432	404320	1	14
4.90216	11	0	46	LastDelay	0.20216	202160	1	7
4.90216	11	0	46	FullDelay	0.20216	202160	1	7
4.90432	0	0	44	LastDelay	0.40432	404320	1	14
4.90432	0	0	44	FullDelay	0.40432	404320	1	14
5.00216	11	0	47	LastDelay	0.20216	202160	1	7
5.00216	11	0	47	FullDelay	0.20216	202160	1	7
5.00432	0	0	45	LastDelay	0.40432	404320	1	14
5.00432	0	0	45	FullDelay	0.40432	404320	1	14
5.10216	11	0	48	LastDelay	0.20216	202160	1	7
5.10216	11	0	48	FullDelay	0.20216	202160	1	7
5.10432	0	0	46	LastDelay	0.40432	404320	1	14
5.10432	0	0	46	FullDelay	0.40432	404320	1	14
5.20216	11	0	49	LastDelay	0.20216	202160	1	7
5.20216	11	0	49	FullDelay	0.20216	202160	1	7
5.20432	0	0	47	LastDelay	0.40432	404320	1	14
5.20432	0	0	47	FullDelay	0.40432	404320	1	14
5.30216	11	0	50	LastDelay	0.20216	202160	1	7
5.30216	11	0	50	FullDelay	0.20216	202160	1	7
5.30432	0	0	48	LastDelay	0.40432	404320	1	14
5.30432	0	0	48	FullDelay	0.40432	404320	1	14
5.40216	11	0	51	LastDelay	0.20216	202160	1	7
5.40216	11	0	51	FullDelay	0.20216	202160	1	7
5.40432	0	0	49	LastDelay	0.40432	404320	1	14
5.40432	0	0	49	FullDelay	0.40432	404320	1	14
5.50216	11	0	52	LastDelay	0.20216	202160	1	7
5.50216	11	0	52	FullDelay	0.20216	202160	1	7
5.50432	0	0	50	LastDelay	0.40432	404320	1	14
5.50432	0	0	50	FullDelay	0.40432	404320	1	14
5.60216	11	0	53	LastDelay	0.20216	202160	1	7
5.60216	11	0	53	FullDelay	0.20216	202160	1	7
5.60432	0	0	51	LastDelay	0.40432	404320	1	14
5.60432	0	0	51	FullDelay	0.40432	404320	1	14
5.70216	11	0	54	LastDelay	0.20216	202160	1	7
5.70216	11	0	54	FullDelay	0.20216	202160	1	7
5.70432	0	0	52	LastDelay	0.40432	404320	1	14
5.70432	0	0	52	FullDelay	0.40432	404320	1	14
5.80216	11	0	55	LastDelay	0.20216	202160	1	7
5.80216	11	0	55	FullDelay	0.20216	202160	1	7
5.80432	0	0	53	LastDelay	0.40432	404320	1	14
5.80432	0	0	53	FullDelay	0.40432	404320	1	14
5.90216	11	0	56	LastDelay	0.20216	202160	1	7
5.90216	11	0	56	FullDelay	0.20216	202160	1	7
5.90432	0	0	54	LastDelay	0.40432	404320	1	14
5.90432	0	0	54	FullDelay	0.40432	404320	1	14
6.00216	11	0	57	LastDelay	0.20216	202160	1	7
6.00216	11	0	57	FullDelay	0.20216	202160	1	7
6.00432	0	0	55	LastDelay	0.40432	404320	1	14
6.00432	0	0	55	FullDelay	0.40432	404320	1	14
6.10216	11	0	58	LastDelay	0.20216	202160	1	7
6.10216	11	0	58	FullDelay	0.20216	202160	1	7
6.10432	0	0	56	LastDelay	0.40432	404320	1	14
6.10432	0	0	56	FullDelay	0.40432	404320	1	14
6.20216	11	0	59	LastDelay	0.20216	202160	1	7
6.20216	11	0	59	FullDelay	0.20216	202160	1	7
6.20432	0	0	57	LastDelay	0.40432	404320	1	14
6.20432	0	0	57	FullDelay	0.40432	404320	1	14
6.30216	11	0	60	LastDelay	0.20216	202160	1	7
6.30216	11	0	60	FullDelay	0.20216	202160	1	7
6.30432	0	0	58	LastDelay	0.40432	404320	1	14
6.30432	0	0	58	FullDelay	0.40432	404320	1	14
6.40216	11	0	61	LastDelay	0.20216	202160	1	7
6.40216	11	0	61	FullDelay	0.20216	202160	1	7
6.40432	0	0	59	LastDelay	0.40432	404320	1	14
6.40432	0	0	59	FullDelay	0.40432	404320	1	14
6.50216	11	0	62	LastDelay	0.20216	202160	1	7
6.50216	11	0	62	FullDelay	0.20216	202160	1	7
6.50432	0	0	60	LastDelay	0.40432	404320	1	14
6.50432	0	0	60	FullDelay	0.40432	404320	1	14
6.60216	11	0	63	LastDelay	0.20216	202160	1	7
6.60216	11	0	63	FullDelay	0.20216	202160	1	7
6.60432	0	0	61	LastDelay	0.40432	404320	1	14
6.60432	0	0	61	FullDelay	0.40432	404320	1	14
6.70216	11	0	64	LastDelay	0.20216	202160	1	7
6.70216	11	0	64	FullDelay	0.20216	202160	1	7
6.70432	0	0	62	LastDelay	0.40432	404320	1	14
6.70432	0	0	62	FullDelay	0.40432	404320	1	14
6.80216	11	0	65	LastDelay	0.20216	202160	1	7
6.80216	11	0	65	FullDelay	0.20216	202160	1	7
6.80432	0	0	63	LastDelay	0.40432	404320	1	14
6.80432	0	0	63	FullDelay	0.40432	404320	1	14
6.90216	11	0	66	LastDelay	0.20216	202160	1	7
6.90216	11	0	66	FullDelay	0.20216	202160	1	7
6.90432	0	0	64	LastDelay	0.40432	404320	1	14
6.90432	0	0	64	FullDelay	0.40432	404320	1	14
7.00216	11	0	67	LastDelay	0.20216	202160	1	7
7.00216	11	0	67	FullDelay	0.20216	202160	1	7
7.00432	0	0	65	LastDelay	0.40432	404320	1	14
7.00432	0	0	65	FullDelay	0.40432	404320	1	14
7.10216	11	0	68	LastDelay	0.20216	202160	1	7
7.10216	11	0	68	FullDelay	0.20216	202160	1	7
7.10432	0	0	66	LastDelay	0.40432	404320	1	14
7.10432	0	0	66	FullDelay	0.40432	404320	1	14
7.20216	11	0	69	LastDelay	0.20216	202160	1	7
7.20216	11	0	69	FullDelay	0.20216	202160	1	7
7.20432	0	0	67	LastDelay	0.40432	404320	1	14
7.20432	0	0	67	FullDelay	0.40432	404320	1	14
7.30216	11	0	70	LastDelay	0.20216	202160	1	7
7.30216	11	0	70	FullDelay	0.20216	202160	1	7
7.30432	0	0	68	LastDelay	0.40432	404320	1	14
7.30432	0	0	68	FullDelay	0.40432	404320	1	14
7.40216	11	0	71	LastDelay	0.20216	202160	1	7
7.40216	11	0	71	FullDelay	0.20216	202160	1	7
7.40432	0	0	69	LastDelay	0.40432	404320	1	14
7.40432	0	0	69	FullDelay	0.40432	404320	1	14
7.50216	11	0	72	LastDelay	0.20216	202160	1	7
7.50216	11	0	72	FullDelay	0.20216	202160	1	7
7.50432	0	0	70	LastDelay	0.40432	404320	1	14
7.50432	0	0	70	FullDelay	0.40432	404320	1	14
7.60216	11	0	73	LastDelay	0.20216	202160	1	7
7.60216	11	0	73	FullDelay	0.20216	202160	1	7
7.60432	0	0	71	LastDelay	0.40432	404320	1	14
7.60432	0	0	71	FullDelay	0.40432	404320	1	14
7.70216	11	0	74	LastDelay	0.20216	202160	1	7
7.70216	11	0	74	FullDelay	0.20216	202160	1	7
7.70432	0	0	72	LastDelay	0.40432	404320	1	14
7.70432	0	0	72	FullDelay	0.40432	404320	1	14
7.80216	11	0	75	LastDelay	0.20216	202160	1	7
7.80216	11	0	75	FullDelay	0.20216	202160	1	7
7.80432	0	0	73	LastDelay	0.40432	404320	1	14
7.80432	0	0	73	FullDelay	0.40432	404320	1	14
7.90216	11	0	76	LastDelay	0.20216	202160	1	7
7.90216	11	0	76	FullDelay	0.20216	202160	1	7
7.90432	0	0	74	LastDelay	0.40432	404320	1	14
7.90432	0	0	74	FullDelay	0.40432	404320	1	14
8.00216	11	0	77	LastDelay	0.20216	202160	1	7
8.00216	11	0	77	FullDelay	0.20216	202160	1	7
8.00432	0	0	75	LastDelay	0.40432	404320	1	14
8.00432	0	0	75	FullDelay	0.40432	404320	1	14
8.10216	11	0	78	LastDelay	0.20216	202160	1	7
8.10216	11	0	78	FullDelay	0.20216	202160	1	7
8.10432	0	0	76	LastDelay	0.40432	404320	1	14
8.10432	0	0	76	FullDelay	0.40432	404320	1	14
8.20216	11	0	79	LastDelay	0.20216	202160	1	7
8.20216	11	0	79	FullDelay	0.20216	202160	1	7
8.20432	0	0	77	LastDelay	0.40432	404320	1	14
8.20432	0	0	77	FullDelay	0.40432	404320	1	14
8.30216	11	0	80	LastDelay	0.20216	202160	1	7
8.30216	11	0	80	FullDelay	0.20216	202160	1	7
8.30432	0	0	78	LastDelay	0.40432	404320	1	14
8.30432	0	0	78	FullDelay	0.40432	404320	1	14
8.40216	11	0	81	LastDelay	0.20216	202160	1	7
8.40216	11	0	81	FullDelay	0.20216	202160	1	7
8.40432	0	0	79	LastDelay	0.40432	404320	1	14
8.40432	0	0	79	FullDelay	0.40432	404320	1	14
8.50216	11	0	82	LastDelay	0.20216	202160	1	7
8.50216	11	0	82	FullDelay	0.20216	202160	1	7
8.50432	0	0	80	LastDelay	0.40432	404320	1	14
8.50432	0	0	80	FullDelay	0.40432	404320	1	14
8.60216	11	0	83	LastDelay	0.20216	202160	1	7
8.60216	11	0	83	FullDelay	0.20216	202160	1	7
8.60432	0	0	81	LastDelay	0.40432	404320	1	14
8.60432	0	0	81	FullDelay	0.40432	404320	1	14
8.70216	11	0	84	LastDelay	0.20216	202160	1	7
8.70216	11	0	84	FullDelay	0.20216	202160	1	7
8.70432	0	0	82	LastDelay	0.40432	404320	1	14
8.70432	0	0	82	FullDelay	0.40432	404320	1	14
8.80216	11	0	85	LastDelay	0.20216	202160	1	7
8.80216	11	0	85	FullDelay	0.20216	202160	1	7
8.80432	0	0	83	LastDelay	0.40432	404320	1	14
8.80432	0	0	83	FullDelay	0.40432	404320	1	14
8.90216	11	0	86	LastDelay	0.20216	202160	1	7
8.90216	11	0	86	FullDelay	0.20216	202160	1	7
8.90432	0	0	84	LastDelay	0.40432	404320	1	14
8.90432	0	0	84	FullDelay	0.40432	404320	1	14
9.00216	11	0	87	LastDelay	0.20216	202160	1	7
9.00216	11	0	87	FullDelay	0.20216	202160	1	7
9.00432	0	0	85	LastDelay	0.40432	404320	1	14
9.00432	0	0	85	FullDelay	0.40432	404320	1	14
9.10216	11	0	88	LastDelay	0.20216	202160	1	7
9.10216	11	0	88	FullDelay	0.20216	202160	1	7
9.10432	0	0	86	LastDelay	0.40432	404320	1	14
9.10432	0	0	86	FullDelay	0.40432	404320	1	14
9.20216	11	0	89	LastDelay	0.20216	202160	1	7
9.20216	11	0	89	FullDelay	0.20216	202160	1	7
9.20432	0	0	87	LastDelay	0.40432	404320	1	14
9.20432	0	0	87	FullDelay	0.40432	404320	1	14
9.30216	11	0	90	LastDelay	0.20216	202160	1	7
9.30216	11	0	90	FullDelay	0.20216	202160	1	7
9.30432	0	0	88	LastDelay	0.40432	404320	1	14
9.30432	0	0	88	FullDelay	0.40432	404320	1	14
9.40216	11	0	91	LastDelay	0.20216	202160	1	7
9.40216	11	0	91	FullDelay	0.20216	202160	1	7
9.40432	0	0	89	LastDelay	0.40432	404320	1	14
9.40432	0	0	89	FullDelay	0.40432	404320	1	14
9.50216	11	0	92	LastDelay	0.20216	202160	1	7
9.50216	11	0	92	FullDelay	0.20216	202160	1	7
9.50432	0	0	90	LastDelay	0.40432	404320	1	14
9.50432	0	0	90	FullDelay	0.40432	404320	1	14
9.60216	11	0	93	LastDelay	0.20216	202160	1	7
9.60216	11	0	93	FullDelay	0.20216	202160	1	7
9.60432	0	0	91	LastDelay	0.40432	404320	1	14
9.60432	0	0	91	FullDelay	0.40432	404320	1	14
9.70216	11	0	94	LastDelay	0.20216	202160	1	7
9.70216	11	0	94	FullDelay	0.20216	202160	1	7
9.70432	0	0	92	LastDelay	0.40432	404320	1	14
9.70432	0	0	92	FullDelay	0.40432	404320	1	14
9.80216	11	0	95	LastDelay	0.20216	202160	1	7
9.80216	11	0	95	FullDelay	0.20216	202160	1	7
9.80432	0	0	93	LastDelay	0.40432	404320	1	14
9.80432	0	0	93	FullDelay	0.40432	404320	1	14
9.90216	11	0	96	LastDelay	0.20216	202160	1	7
9.90216	11	0	96	FullDelay	0.20216	202160	1	7
9.90432	0	0	94	LastDelay	0.40432	404320	1	14
9.90432	0	0	94	FullDelay	0.40432	404320	1	14
