Time	Node	AppId	SeqNo	Type	DelayS	DelayUS	RetxCount	HopCount
0.35992	9	0	1	FullDelay	0.25992	259920	1	9
0.35992	90	0	1	FullDelay	0.25992	259920	1	9
0.3888	8	0	1	FullDelay	0.2888	288800	1	10
0.397376	80	0	1	FullDelay	0.297376	297376	1	10
0.406032	44	0	1	FullDelay	0.306032	306032	1	10
0.433144	25	0	1	FullDelay	0.333144	333144	1	11
0.441776	70	0	1	FullDelay	0.341776	341776	1	11
0.45036	7	0	1	FullDelay	0.35036	350360	1	11
0.45992	9	0	2	FullDelay	0.25992	259920	1	9
0.477488	15	0	1	FullDelay	0.377488	377488	1	12
0.481752	90	0	2	FullDelay	0.281752	281752	1	9
0.486104	33	0	1	FullDelay	0.386104	386104	1	12
0.508904	8	0	2	FullDelay	0.308904	308904	1	10
0.51748	80	0	2	FullDelay	0.31748	317480	1	10
0.526136	44	0	2	FullDelay	0.326136	326136	1	10
0.531824	22	0	1	FullDelay	0.431824	431824	1	14
0.553248	25	0	2	FullDelay	0.353248	353248	1	11
0.55992	9	0	3	FullDelay	0.25992	259920	1	9
0.56188	70	0	2	FullDelay	0.36188	361880	1	11
0.570464	7	0	2	FullDelay	0.370464	370464	1	11
0.577552	11	0	1	FullDelay	0.477552	477552	1	16
0.597592	15	0	2	FullDelay	0.397592	397592	1	12
0.601856	90	0	3	FullDelay	0.301856	301856	1	9
0.604704	1	0	1	FullDelay	0.504704	504704	1	17
0.606208	33	0	2	FullDelay	0.406208	406208	1	12
0.613336	10	0	1	FullDelay	0.513336	513336	1	17
0.629008	8	0	3	FullDelay	0.329008	329008	1	10
0.637584	80	0	3	FullDelay	0.337584	337584	1	10
0.640472	0	0	1	FullDelay	0.540472	540472	1	18
0.64624	44	0	3	FullDelay	0.34624	346240	1	10
0.651928	22	0	2	FullDelay	0.451928	451928	1	14
0.65992	9	0	4	FullDelay	0.25992	259920	1	9
0.673352	25	0	3	FullDelay	0.373352	373352	1	11
0.681984	70	0	3	FullDelay	0.381984	381984	1	11
0.690568	7	0	3	FullDelay	0.390568	390568	1	11
0.697656	11	0	2	FullDelay	0.497656	497656	1	16
0.717696	15	0	3	FullDelay	0.417696	417696	1	12
0.72196	90	0	4	FullDelay	0.32196	321960	1	9
0.724808	1	0	2	FullDelay	0.524808	524808	1	17
0.726312	33	0	3	FullDelay	0.426312	426312	1	12
0.73344	10	0	2	FullDelay	0.53344	533440	1	17
0.749112	8	0	4	FullDelay	0.349112	349112	1	10
0.757688	80	0	4	FullDelay	0.357688	357688	1	10
0.75992	9	0	5	FullDelay	0.25992	259920	1	9
0.760576	0	0	2	FullDelay	0.560576	560576	1	18
0.766344	44	0	4	FullDelay	0.366344	366344	1	10
0.772032	22	0	3	FullDelay	0.472032	472032	1	14
0.793456	25	0	4	FullDelay	0.393456	393456	1	11
0.802088	70	0	4	FullDelay	0.402088	402088	1	11
0.81776	11	0	3	FullDelay	0.51776	517760	1	16
0.824896	90	0	5	FullDelay	0.324896	324896	1	9
0.829176	15	0	4	FullDelay	0.429176	429176	1	12
0.844912	1	0	3	FullDelay	0.544912	544912	1	17
0.852048	8	0	5	FullDelay	0.352048	352048	1	10
0.853544	10	0	3	FullDelay	0.553544	553544	1	17
0.85992	9	0	6	FullDelay	0.25992	259920	1	9
0.860624	80	0	5	FullDelay	0.360624	360624	1	10
0.86928	44	0	5	FullDelay	0.36928	369280	1	10
0.874904	22	0	4	FullDelay	0.474904	474904	1	14
0.88068	0	0	3	FullDelay	0.58068	580680	1	18
0.896392	25	0	5	FullDelay	0.396392	396392	1	11
0.920632	11	0	4	FullDelay	0.520632	520632	1	16
0.923544	15	0	5	FullDelay	0.423544	423544	1	12
0.927832	90	0	6	FullDelay	0.327832	327832	1	9
0.932184	33	0	5	FullDelay	0.432184	432184	1	12
0.947784	1	0	4	FullDelay	0.547784	547784	1	17
0.954984	8	0	6	FullDelay	0.354984	354984	1	10
0.95648	10	0	4	FullDelay	0.55648	556480	1	17
0.95992	9	0	0	FullDelay	0.95992	959920	2	9
0.96356	80	0	6	FullDelay	0.36356	363560	1	10
0.972216	44	0	6	FullDelay	0.372216	372216	1	10
0.977904	22	0	5	FullDelay	0.477904	477904	1	14
0.983616	0	0	4	FullDelay	0.583616	583616	1	18
0.999328	25	0	6	FullDelay	0.399328	399328	1	11
1.02218	90	0	0	FullDelay	1.02218	1.02218e+06	2	9
1.02363	11	0	5	FullDelay	0.523632	523632	1	16
1.02648	15	0	6	FullDelay	0.42648	426480	1	12
1.04934	8	0	7	FullDelay	0.349336	349336	1	10
1.05078	1	0	5	FullDelay	0.550784	550784	1	17
1.05791	80	0	7	FullDelay	0.357912	357912	1	10
1.05942	10	0	5	FullDelay	0.559416	559416	1	17
1.05992	9	0	7	FullDelay	0.25992	259920	1	9
1.06657	44	0	7	FullDelay	0.366568	366568	1	10
1.07221	22	0	6	FullDelay	0.472208	472208	1	14
1.08655	0	0	5	FullDelay	0.586552	586552	1	18
1.09368	25	0	7	FullDelay	0.39368	393680	1	11
1.10231	70	0	7	FullDelay	0.402312	402312	1	11
1.11794	11	0	6	FullDelay	0.517936	517936	1	16
1.12512	90	0	7	FullDelay	0.32512	325120	1	9
1.1294	15	0	7	FullDelay	0.4294	429400	1	12
1.14509	1	0	6	FullDelay	0.545088	545088	1	17
1.15227	8	0	0	FullDelay	1.15227	1.15227e+06	2	10
1.15377	10	0	6	FullDelay	0.553768	553768	1	17
1.15992	9	0	8	FullDelay	0.25992	259920	1	9
1.16085	80	0	0	FullDelay	1.16085	1.16085e+06	2	10
1.1695	44	0	0	FullDelay	1.1695	1.1695e+06	2	10
1.17513	22	0	7	FullDelay	0.475128	475128	1	14
1.1809	0	0	6	FullDelay	0.580904	580904	1	18
1.19662	25	0	8	FullDelay	0.396616	396616	1	11
1.22086	11	0	7	FullDelay	0.520856	520856	1	16
1.22377	15	0	8	FullDelay	0.423768	423768	1	12
1.22806	90	0	8	FullDelay	0.328056	328056	1	9
1.23241	33	0	8	FullDelay	0.432408	432408	1	12
1.24801	1	0	7	FullDelay	0.548008	548008	1	17
1.25521	8	0	8	FullDelay	0.355208	355208	1	10
1.2567	10	0	7	FullDelay	0.556704	556704	1	17
1.25992	9	0	9	FullDelay	0.25992	259920	1	9
1.26378	80	0	8	FullDelay	0.363784	363784	1	10
1.27244	44	0	8	FullDelay	0.37244	372440	1	10
1.27813	22	0	8	FullDelay	0.478128	478128	1	14
1.28384	0	0	7	FullDelay	0.58384	583840	1	18
1.29955	25	0	0	FullDelay	1.29955	1.29955e+06	2	11
1.32241	90	0	9	FullDelay	0.322408	322408	1	9
1.32386	11	0	8	FullDelay	0.523856	523856	1	16
1.3267	15	0	0	FullDelay	1.3267	1.3267e+06	2	12
1.34956	8	0	9	FullDelay	0.34956	349560	1	10
1.35101	1	0	8	FullDelay	0.551008	551008	1	17
1.35814	80	0	9	FullDelay	0.358136	358136	1	10
1.35964	10	0	8	FullDelay	0.55964	559640	1	17
1.35992	9	0	10	FullDelay	0.25992	259920	1	9
1.36679	44	0	9	FullDelay	0.366792	366792	1	10
1.37243	22	0	9	FullDelay	0.472432	472432	1	14
1.38678	0	0	8	FullDelay	0.586776	586776	1	18
1.3939	25	0	9	FullDelay	0.393904	393904	1	11
1.40254	70	0	9	FullDelay	0.402536	402536	1	11
1.41816	11	0	9	FullDelay	0.51816	518160	1	16
1.42534	90	0	10	FullDelay	0.325344	325344	1	9
1.42962	15	0	9	FullDelay	0.429624	429624	1	12
1.44531	1	0	9	FullDelay	0.545312	545312	1	17
1.4525	8	0	10	FullDelay	0.352496	352496	1	10
1.45399	10	0	9	FullDelay	0.553992	553992	1	17
1.45992	9	0	11	FullDelay	0.25992	259920	1	9
1.46107	80	0	10	FullDelay	0.361072	361072	1	10
1.46973	44	0	10	FullDelay	0.369728	369728	1	10
1.47535	22	0	0	FullDelay	1.47535	1.47535e+06	2	14
1.48113	0	0	9	FullDelay	0.581128	581128	1	18
1.49684	25	0	10	FullDelay	0.39684	396840	1	11
1.52108	11	0	10	FullDelay	0.52108	521080	1	16
1.52399	15	0	10	FullDelay	0.423992	423992	1	12
1.52828	90	0	11	FullDelay	0.32828	328280	1	9
1.53263	33	0	10	FullDelay	0.432632	432632	1	12
1.54823	1	0	10	FullDelay	0.548232	548232	1	17
1.55543	8	0	11	FullDelay	0.355432	355432	1	10
1.55693	10	0	10	FullDelay	0.556928	556928	1	17
1.55992	9	0	12	FullDelay	0.25992	259920	1	9
1.56401	80	0	11	FullDelay	0.364008	364008	1	10
1.57266	44	0	11	FullDelay	0.372664	372664	1	10
1.57835	22	0	10	FullDelay	0.478352	478352	1	14
1.58406	0	0	10	FullDelay	0.584064	584064	1	18
1.59978	25	0	11	FullDelay	0.399776	399776	1	11
1.62263	90	0	12	FullDelay	0.322632	322632	1	9
1.62408	11	0	0	FullDelay	1.62408	1.62408e+06	2	16
1.62693	15	0	11	FullDelay	0.426928	426928	1	12
1.64978	8	0	12	FullDelay	0.349784	349784	1	10
1.65123	1	0	0	FullDelay	1.65123	1.65123e+06	2	17
1.65836	80	0	12	FullDelay	0.35836	358360	1	10
1.65986	10	0	0	FullDelay	1.65986	1.65986e+06	2	17
1.65992	9	0	13	FullDelay	0.25992	259920	1	9
1.66702	44	0	12	FullDelay	0.367016	367016	1	10
1.67266	22	0	11	FullDelay	0.472656	472656	1	14
1.687	0	0	11	FullDelay	0.587	587000	1	18
1.69413	25	0	12	FullDelay	0.394128	394128	1	11
1.70276	70	0	5	FullDelay	1.20276	1.20276e+06	2	11
1.71838	11	0	11	FullDelay	0.518384	518384	1	16
1.72557	90	0	13	FullDelay	0.325568	325568	1	9
1.72985	15	0	12	FullDelay	0.429848	429848	1	12
1.74554	1	0	11	FullDelay	0.545536	545536	1	17
1.75272	8	0	13	FullDelay	0.35272	352720	1	10
1.75422	10	0	11	FullDelay	0.554216	554216	1	17
1.75992	9	0	14	FullDelay	0.25992	259920	1	9
1.7613	80	0	13	FullDelay	0.361296	361296	1	10
1.76995	44	0	13	FullDelay	0.369952	369952	1	10
1.77558	22	0	12	FullDelay	0.475576	475576	1	14
1.78135	0	0	0	FullDelay	1.78135	1.78135e+06	2	18
1.79706	25	0	13	FullDelay	0.397064	397064	1	11
1.81992	90	0	14	FullDelay	0.31992	319920	1	9
1.8213	11	0	12	FullDelay	0.521304	521304	1	16
1.82422	15	0	13	FullDelay	0.424216	424216	1	12
1.84707	8	0	14	FullDelay	0.347072	347072	1	10
1.84846	1	0	12	FullDelay	0.548456	548456	1	17
1.85565	80	0	14	FullDelay	0.355648	355648	1	10
1.85715	10	0	12	FullDelay	0.557152	557152	1	17
1.85992	9	0	15	FullDelay	0.25992	259920	1	9
1.8643	44	0	14	FullDelay	0.364304	364304	1	10
1.86994	22	0	13	FullDelay	0.469944	469944	1	14
1.88429	0	0	12	FullDelay	0.584288	584288	1	18
1.89142	25	0	14	FullDelay	0.391416	391416	1	11
1.90005	70	0	6	FullDelay	1.30005	1.30005e+06	2	11
1.91567	11	0	13	FullDelay	0.515672	515672	1	16
1.92286	90	0	15	FullDelay	0.322856	322856	1	9
1.92714	15	0	14	FullDelay	0.427136	427136	1	12
1.94282	1	0	13	FullDelay	0.542824	542824	1	17
1.95001	8	0	15	FullDelay	0.350008	350008	1	10
1.9515	10	0	13	FullDelay	0.551504	551504	1	17
1.95858	80	0	15	FullDelay	0.358584	358584	1	10
1.95992	9	0	16	FullDelay	0.25992	259920	1	9
1.96724	44	0	15	FullDelay	0.36724	367240	1	10
1.97286	22	0	14	FullDelay	0.472864	472864	1	14
1.97864	0	0	13	FullDelay	0.57864	578640	1	18
1.99435	25	0	15	FullDelay	0.394352	394352	1	11
2.00298	70	0	13	FullDelay	0.402984	402984	1	11
2.01859	11	0	14	FullDelay	0.518592	518592	1	16
2.02579	90	0	16	FullDelay	0.325792	325792	1	9
2.03007	15	0	15	FullDelay	0.430072	430072	1	12
2.04574	1	0	14	FullDelay	0.545744	545744	1	17
2.05294	8	0	16	FullDelay	0.352944	352944	1	10
2.05444	10	0	14	FullDelay	0.55444	554440	1	17
2.05992	9	0	17	FullDelay	0.25992	259920	1	9
2.06152	80	0	16	FullDelay	0.36152	361520	1	10
2.07018	44	0	16	FullDelay	0.370176	370176	1	10
2.0758	22	0	15	FullDelay	0.4758	475800	1	14
2.08158	0	0	14	FullDelay	0.581576	581576	1	18
2.09729	25	0	16	FullDelay	0.397288	397288	1	11
2.12014	90	0	17	FullDelay	0.320144	320144	1	9
2.12153	11	0	15	FullDelay	0.521528	521528	1	16
2.12444	15	0	16	FullDelay	0.42444	424440	1	12
2.1473	8	0	17	FullDelay	0.347296	347296	1	10
2.14868	1	0	15	FullDelay	0.54868	548680	1	17
2.15587	80	0	17	FullDelay	0.355872	355872	1	10
2.15738	10	0	15	FullDelay	0.557376	557376	1	17
2.15992	9	0	18	FullDelay	0.25992	259920	1	9
2.16453	44	0	17	FullDelay	0.364528	364528	1	10
2.17017	22	0	16	FullDelay	0.470168	470168	1	14
2.18451	0	0	15	FullDelay	0.584512	584512	1	18
2.19164	25	0	17	FullDelay	0.39164	391640	1	11
2.20027	70	0	15	FullDelay	0.400272	400272	1	11
2.2159	11	0	16	FullDelay	0.515896	515896	1	16
2.22308	90	0	18	FullDelay	0.32308	323080	1	9
2.22736	15	0	17	FullDelay	0.42736	427360	1	12
2.24305	1	0	16	FullDelay	0.543048	543048	1	17
2.25023	8	0	18	FullDelay	0.350232	350232	1	10
2.25173	10	0	16	FullDelay	0.551728	551728	1	17
2.25881	80	0	18	FullDelay	0.358808	358808	1	10
2.25992	9	0	19	FullDelay	0.25992	259920	1	9
2.26746	44	0	18	FullDelay	0.367464	367464	1	10
2.27309	22	0	17	FullDelay	0.473088	473088	1	14
2.27886	0	0	16	FullDelay	0.578864	578864	1	18
2.29458	25	0	18	FullDelay	0.394576	394576	1	11
2.30321	70	0	16	FullDelay	0.403208	403208	1	11
2.31882	11	0	17	FullDelay	0.518816	518816	1	16
2.32602	90	0	19	FullDelay	0.326016	326016	1	9
2.3303	15	0	18	FullDelay	0.430296	430296	1	12
2.34597	1	0	17	FullDelay	0.545968	545968	1	17
2.35317	8	0	19	FullDelay	0.353168	353168	1	10
2.35466	10	0	17	FullDelay	0.554664	554664	1	17
2.35992	9	0	20	FullDelay	0.25992	259920	1	9
2.36174	80	0	19	FullDelay	0.361744	361744	1	10
2.3704	44	0	19	FullDelay	0.3704	370400	1	10
2.37602	22	0	18	FullDelay	0.476024	476024	1	14
2.3818	0	0	17	FullDelay	0.5818	581800	1	18
2.39751	25	0	19	FullDelay	0.397512	397512	1	11
2.42037	90	0	20	FullDelay	0.320368	320368	1	9
2.42175	11	0	18	FullDelay	0.521752	521752	1	16
2.42466	15	0	19	FullDelay	0.424664	424664	1	12
2.44752	8	0	20	FullDelay	0.34752	347520	1	10
2.4489	1	0	18	FullDelay	0.548904	548904	1	17
2.4561	80	0	20	FullDelay	0.356096	356096	1	10
2.4576	10	0	18	FullDelay	0.5576	557600	1	17
2.45992	9	0	21	FullDelay	0.25992	259920	1	9
2.46475	44	0	20	FullDelay	0.364752	364752	1	10
2.47039	22	0	19	FullDelay	0.470392	470392	1	14
2.48474	0	0	18	FullDelay	0.584736	584736	1	18
2.49186	25	0	20	FullDelay	0.391864	391864	1	11
2.5005	70	0	0	FullDelay	2.5005	2.5005e+06	3	11
2.51612	11	0	19	FullDelay	0.51612	516120	1	16
2.5233	90	0	21	FullDelay	0.323304	323304	1	9
2.52758	15	0	20	FullDelay	0.427584	427584	1	12
2.54327	1	0	19	FullDelay	0.543272	543272	1	17
2.55046	8	0	21	FullDelay	0.350456	350456	1	10
2.55195	10	0	19	FullDelay	0.551952	551952	1	17
2.55903	80	0	21	FullDelay	0.359032	359032	1	10
2.55992	9	0	22	FullDelay	0.25992	259920	1	9
2.56769	44	0	21	FullDelay	0.367688	367688	1	10
2.57331	22	0	20	FullDelay	0.473312	473312	1	14
2.57909	0	0	19	FullDelay	0.579088	579088	1	18
2.5948	25	0	21	FullDelay	0.3948	394800	1	11
2.60343	70	0	8	FullDelay	1.80343	1.80343e+06	2	11
2.61904	11	0	20	FullDelay	0.51904	519040	1	16
2.62624	90	0	22	FullDelay	0.32624	326240	1	9
2.63052	15	0	21	FullDelay	0.43052	430520	1	12
2.64619	1	0	20	FullDelay	0.546192	546192	1	17
2.65339	8	0	22	FullDelay	0.353392	353392	1	10
2.65489	10	0	20	FullDelay	0.554888	554888	1	17
2.65992	9	0	23	FullDelay	0.25992	259920	1	9
2.66197	80	0	22	FullDelay	0.361968	361968	1	10
2.67062	44	0	22	FullDelay	0.370624	370624	1	10
2.67625	22	0	21	FullDelay	0.476248	476248	1	14
2.68202	0	0	20	FullDelay	0.582024	582024	1	18
2.69774	25	0	22	FullDelay	0.397736	397736	1	11
2.72059	90	0	23	FullDelay	0.320592	320592	1	9
2.72198	11	0	21	FullDelay	0.521976	521976	1	16
2.72489	15	0	22	FullDelay	0.424888	424888	1	12
2.74774	8	0	23	FullDelay	0.347744	347744	1	10
2.74913	1	0	21	FullDelay	0.549128	549128	1	17
2.75632	80	0	23	FullDelay	0.35632	356320	1	10
2.75782	10	0	21	FullDelay	0.557824	557824	1	17
2.75992	9	0	24	FullDelay	0.25992	259920	1	9
2.76498	44	0	23	FullDelay	0.364976	364976	1	10
2.77062	22	0	22	FullDelay	0.470616	470616	1	14
2.78496	0	0	21	FullDelay	0.58496	584960	1	18
2.79209	25	0	23	FullDelay	0.392088	392088	1	11
2.80072	70	0	11	FullDelay	1.60072	1.60072e+06	2	11
2.81634	11	0	22	FullDelay	0.516344	516344	1	16
2.82353	90	0	24	FullDelay	0.323528	323528	1	9
2.82781	15	0	23	FullDelay	0.427808	427808	1	12
2.8435	1	0	22	FullDelay	0.543496	543496	1	17
2.85068	8	0	24	FullDelay	0.35068	350680	1	10
2.85218	10	0	22	FullDelay	0.552176	552176	1	17
2.85926	80	0	24	FullDelay	0.359256	359256	1	10
2.85992	9	0	25	FullDelay	0.25992	259920	1	9
2.86791	44	0	24	FullDelay	0.367912	367912	1	10
2.87354	22	0	23	FullDelay	0.473536	473536	1	14
2.87931	0	0	22	FullDelay	0.579312	579312	1	18
2.89502	25	0	24	FullDelay	0.395024	395024	1	11
2.90366	70	0	12	FullDelay	1.50366	1.50366e+06	2	11
2.91926	11	0	23	FullDelay	0.519264	519264	1	16
2.92646	90	0	25	FullDelay	0.326464	326464	1	9
2.93074	15	0	24	FullDelay	0.430744	430744	1	12
2.94642	1	0	23	FullDelay	0.546416	546416	1	17
2.95362	8	0	25	FullDelay	0.353616	353616	1	10
2.95511	10	0	23	FullDelay	0.555112	555112	1	17
2.95992	9	0	26	FullDelay	0.25992	259920	1	9
2.96219	80	0	25	FullDelay	0.362192	362192	1	10
2.97085	44	0	25	FullDelay	0.370848	370848	1	10
2.97647	22	0	24	FullDelay	0.476472	476472	1	14
2.98225	0	0	23	FullDelay	0.582248	582248	1	18
2.99796	25	0	25	FullDelay	0.39796	397960	1	11
3.02082	90	0	26	FullDelay	0.320816	320816	1	9
3.0222	11	0	24	FullDelay	0.5222	522200	1	16
3.02511	15	0	25	FullDelay	0.425112	425112	1	12
3.04797	8	0	26	FullDelay	0.347968	347968	1	10
3.04935	1	0	24	FullDelay	0.549352	549352	1	17
3.05654	80	0	26	FullDelay	0.356544	356544	1	10
3.05805	10	0	24	FullDelay	0.558048	558048	1	17
3.05992	9	0	27	FullDelay	0.25992	259920	1	9
3.0652	44	0	26	FullDelay	0.3652	365200	1	10
3.07084	22	0	25	FullDelay	0.47084	470840	1	14
3.08518	0	0	24	FullDelay	0.585184	585184	1	18
3.09231	25	0	26	FullDelay	0.392312	392312	1	11
3.10094	70	0	17	FullDelay	1.10094	1.10094e+06	2	11
3.11657	11	0	25	FullDelay	0.516568	516568	1	16
3.12375	90	0	27	FullDelay	0.323752	323752	1	9
3.12803	15	0	26	FullDelay	0.428032	428032	1	12
3.14372	1	0	25	FullDelay	0.54372	543720	1	17
3.1509	8	0	27	FullDelay	0.350904	350904	1	10
3.1524	10	0	25	FullDelay	0.5524	552400	1	17
3.15948	80	0	27	FullDelay	0.35948	359480	1	10
3.15992	9	0	28	FullDelay	0.25992	259920	1	9
3.16814	44	0	27	FullDelay	0.368136	368136	1	10
3.17376	22	0	26	FullDelay	0.47376	473760	1	14
3.17954	0	0	25	FullDelay	0.579536	579536	1	18
3.19525	25	0	27	FullDelay	0.395248	395248	1	11
3.20388	7	0	26	FullDelay	0.40388	403880	1	11
3.21949	11	0	26	FullDelay	0.519488	519488	1	16
3.22669	90	0	28	FullDelay	0.326688	326688	1	9
3.23101	15	0	27	FullDelay	0.431008	431008	1	12
3.24664	1	0	26	FullDelay	0.54664	546640	1	17
3.25384	8	0	28	FullDelay	0.35384	353840	1	10
3.25534	10	0	26	FullDelay	0.555336	555336	1	17
3.25992	9	0	29	FullDelay	0.25992	259920	1	9
3.26242	80	0	28	FullDelay	0.362416	362416	1	10
3.27107	44	0	28	FullDelay	0.371072	371072	1	10
3.27671	22	0	27	FullDelay	0.476712	476712	1	14
3.28247	0	0	26	FullDelay	0.582472	582472	1	18
3.29818	25	0	28	FullDelay	0.398184	398184	1	11
3.32104	90	0	29	FullDelay	0.32104	321040	1	9
3.32244	11	0	27	FullDelay	0.52244	522440	1	16
3.32534	15	0	28	FullDelay	0.425336	425336	1	12
3.34819	8	0	29	FullDelay	0.348192	348192	1	10
3.34959	1	0	27	FullDelay	0.549592	549592	1	17
3.35677	80	0	29	FullDelay	0.356768	356768	1	10
3.35827	10	0	27	FullDelay	0.558272	558272	1	17
3.35992	9	0	30	FullDelay	0.25992	259920	1	9
3.36542	44	0	29	FullDelay	0.365424	365424	1	10
3.37106	22	0	28	FullDelay	0.471064	471064	1	14
3.38541	0	0	27	FullDelay	0.585408	585408	1	18
3.39254	25	0	29	FullDelay	0.392536	392536	1	11
3.40117	70	0	20	FullDelay	0.401168	401168	1	11
3.41679	11	0	28	FullDelay	0.516792	516792	1	16
3.42398	90	0	30	FullDelay	0.323976	323976	1	9
3.42826	15	0	29	FullDelay	0.428256	428256	1	12
3.44394	1	0	28	FullDelay	0.543944	543944	1	17
3.45113	8	0	30	FullDelay	0.351128	351128	1	10
3.45262	10	0	28	FullDelay	0.552624	552624	1	17
3.4597	80	0	30	FullDelay	0.359704	359704	1	10
3.45992	9	0	31	FullDelay	0.25992	259920	1	9
3.46836	44	0	30	FullDelay	0.36836	368360	1	10
3.47398	22	0	29	FullDelay	0.473984	473984	1	14
3.47976	0	0	28	FullDelay	0.57976	579760	1	18
3.49547	25	0	30	FullDelay	0.395472	395472	1	11
3.5041	7	0	29	FullDelay	0.404104	404104	1	11
3.51971	11	0	29	FullDelay	0.519712	519712	1	16
3.52691	90	0	31	FullDelay	0.326912	326912	1	9
3.53123	15	0	30	FullDelay	0.431232	431232	1	12
3.54686	1	0	29	FullDelay	0.546864	546864	1	17
3.55406	8	0	31	FullDelay	0.354064	354064	1	10
3.55556	10	0	29	FullDelay	0.55556	555560	1	17
3.55992	9	0	32	FullDelay	0.25992	259920	1	9
3.56264	80	0	31	FullDelay	0.36264	362640	1	10
3.5713	44	0	31	FullDelay	0.371296	371296	1	10
3.57694	22	0	30	FullDelay	0.476936	476936	1	14
3.5827	0	0	29	FullDelay	0.582696	582696	1	18
3.59841	25	0	31	FullDelay	0.398408	398408	1	11
3.62126	90	0	32	FullDelay	0.321264	321264	1	9
3.62266	11	0	30	FullDelay	0.522664	522664	1	16
3.62556	15	0	31	FullDelay	0.42556	425560	1	12
3.64842	8	0	32	FullDelay	0.348416	348416	1	10
3.64982	1	0	30	FullDelay	0.549816	549816	1	17
3.65699	80	0	32	FullDelay	0.356992	356992	1	10
3.6585	10	0	30	FullDelay	0.558496	558496	1	17
3.65992	9	0	33	FullDelay	0.25992	259920	1	9
3.66565	44	0	32	FullDelay	0.365648	365648	1	10
3.67129	22	0	31	FullDelay	0.471288	471288	1	14
3.68563	0	0	30	FullDelay	0.585632	585632	1	18
3.69276	25	0	32	FullDelay	0.39276	392760	1	11
3.70139	70	0	23	FullDelay	0.401392	401392	1	11
3.71702	11	0	31	FullDelay	0.517016	517016	1	16
3.7242	90	0	33	FullDelay	0.3242	324200	1	9
3.72848	15	0	32	FullDelay	0.42848	428480	1	12
3.74417	1	0	31	FullDelay	0.544168	544168	1	17
3.75135	8	0	33	FullDelay	0.351352	351352	1	10
3.75285	10	0	31	FullDelay	0.552848	552848	1	17
3.75992	9	0	34	FullDelay	0.25992	259920	1	9
3.75993	80	0	33	FullDelay	0.359928	359928	1	10
3.76858	44	0	33	FullDelay	0.368584	368584	1	10
3.77421	22	0	32	FullDelay	0.474208	474208	1	14
3.77998	0	0	31	FullDelay	0.579984	579984	1	18
3.7957	25	0	33	FullDelay	0.395696	395696	1	11
3.81994	11	0	32	FullDelay	0.519936	519936	1	16
3.82285	15	0	33	FullDelay	0.422848	422848	1	12
3.82714	90	0	34	FullDelay	0.327136	327136	1	9
3.83149	33	0	30	FullDelay	0.431488	431488	1	12
3.84709	1	0	32	FullDelay	0.547088	547088	1	17
3.85429	8	0	34	FullDelay	0.354288	354288	1	10
3.85578	10	0	32	FullDelay	0.555784	555784	1	17
3.85992	9	0	35	FullDelay	0.25992	259920	1	9
3.86286	80	0	34	FullDelay	0.362864	362864	1	10
3.87152	44	0	34	FullDelay	0.37152	371520	1	10
3.87721	22	0	33	FullDelay	0.477208	477208	1	14
3.88292	0	0	32	FullDelay	0.58292	582920	1	18
3.89863	25	0	34	FullDelay	0.398632	398632	1	11
3.92149	90	0	35	FullDelay	0.321488	321488	1	9
3.92294	11	0	33	FullDelay	0.522936	522936	1	16
3.92578	15	0	34	FullDelay	0.425784	425784	1	12
3.94864	8	0	35	FullDelay	0.34864	348640	1	10
3.95009	1	0	33	FullDelay	0.550088	550088	1	17
3.95722	80	0	35	FullDelay	0.357216	357216	1	10
3.95872	10	0	33	FullDelay	0.55872	558720	1	17
3.95992	9	0	36	FullDelay	0.25992	259920	1	9
3.96587	44	0	35	FullDelay	0.365872	365872	1	10
3.97151	22	0	34	FullDelay	0.471512	471512	1	14
3.98586	0	0	33	FullDelay	0.585856	585856	1	18
3.99298	25	0	35	FullDelay	0.392984	392984	1	11
4.00162	70	0	14	FullDelay	2.30162	2.30162e+06	3	11
4.01724	11	0	34	FullDelay	0.51724	517240	1	16
4.02442	90	0	36	FullDelay	0.324424	324424	1	9
4.0287	15	0	35	FullDelay	0.428704	428704	1	12
4.04439	1	0	34	FullDelay	0.544392	544392	1	17
4.05158	8	0	36	FullDelay	0.351576	351576	1	10
4.05307	10	0	34	FullDelay	0.553072	553072	1	17
4.05992	9	0	37	FullDelay	0.25992	259920	1	9
4.06015	80	0	36	FullDelay	0.360152	360152	1	10
4.06881	44	0	36	FullDelay	0.368808	368808	1	10
4.07443	22	0	35	FullDelay	0.474432	474432	1	14
4.08021	0	0	34	FullDelay	0.580208	580208	1	18
4.09592	25	0	36	FullDelay	0.39592	395920	1	11
4.12016	11	0	35	FullDelay	0.52016	520160	1	16
4.12307	15	0	36	FullDelay	0.423072	423072	1	12
4.12736	90	0	37	FullDelay	0.32736	327360	1	9
4.13171	33	0	33	FullDelay	0.431712	431712	1	12
4.14731	1	0	35	FullDelay	0.547312	547312	1	17
4.15451	8	0	37	FullDelay	0.354512	354512	1	10
4.15601	10	0	35	FullDelay	0.556008	556008	1	17
4.15992	9	0	38	FullDelay	0.25992	259920	1	9
4.16309	80	0	37	FullDelay	0.363088	363088	1	10
4.17174	44	0	37	FullDelay	0.371744	371744	1	10
4.17743	22	0	36	FullDelay	0.477432	477432	1	14
4.18314	0	0	35	FullDelay	0.583144	583144	1	18
4.19886	25	0	37	FullDelay	0.398856	398856	1	11
4.22171	90	0	38	FullDelay	0.321712	321712	1	9
4.22316	11	0	36	FullDelay	0.52316	523160	1	16
4.22601	15	0	37	FullDelay	0.426008	426008	1	12
4.24886	8	0	38	FullDelay	0.348864	348864	1	10
4.25031	1	0	36	FullDelay	0.550312	550312	1	17
4.25744	80	0	38	FullDelay	0.35744	357440	1	10
4.25894	10	0	36	FullDelay	0.558944	558944	1	17
4.25992	9	0	39	FullDelay	0.25992	259920	1	9
4.2661	44	0	38	FullDelay	0.366096	366096	1	10
4.27174	22	0	37	FullDelay	0.471736	471736	1	14
4.28608	0	0	36	FullDelay	0.58608	586080	1	18
4.29321	25	0	38	FullDelay	0.393208	393208	1	11
4.30184	70	0	21	FullDelay	1.20184	1.20184e+06	2	11
4.31746	11	0	37	FullDelay	0.517464	517464	1	16
4.32465	90	0	39	FullDelay	0.324648	324648	1	9
4.32893	15	0	38	FullDelay	0.428928	428928	1	12
4.34462	1	0	37	FullDelay	0.544616	544616	1	17
4.3518	8	0	39	FullDelay	0.3518	351800	1	10
4.3533	10	0	37	FullDelay	0.553296	553296	1	17
4.35992	9	0	40	FullDelay	0.25992	259920	1	9
4.36038	80	0	39	FullDelay	0.360376	360376	1	10
4.36903	44	0	39	FullDelay	0.369032	369032	1	10
4.37466	22	0	38	FullDelay	0.474656	474656	1	14
4.38043	0	0	37	FullDelay	0.580432	580432	1	18
4.39614	25	0	39	FullDelay	0.396144	396144	1	11
4.42038	11	0	38	FullDelay	0.520384	520384	1	16
4.4233	15	0	39	FullDelay	0.423296	423296	1	12
4.42758	90	0	40	FullDelay	0.327584	327584	1	9
4.43194	33	0	4	FullDelay	4.03194	4.03194e+06	3	12
4.44754	1	0	38	FullDelay	0.547536	547536	1	17
4.45474	8	0	40	FullDelay	0.354736	354736	1	10
4.45623	10	0	38	FullDelay	0.556232	556232	1	17
4.45992	9	0	41	FullDelay	0.25992	259920	1	9
4.46331	80	0	40	FullDelay	0.363312	363312	1	10
4.47197	44	0	40	FullDelay	0.371968	371968	1	10
4.47766	22	0	39	FullDelay	0.477656	477656	1	14
4.48337	0	0	38	FullDelay	0.583368	583368	1	18
4.49908	25	0	40	FullDelay	0.39908	399080	1	11
4.52194	90	0	41	FullDelay	0.321936	321936	1	9
4.52338	11	0	39	FullDelay	0.523384	523384	1	16
4.52623	15	0	40	FullDelay	0.426232	426232	1	12
4.54909	8	0	41	FullDelay	0.349088	349088	1	10
4.55054	1	0	39	FullDelay	0.550536	550536	1	17
4.55766	80	0	41	FullDelay	0.357664	357664	1	10
4.55917	10	0	39	FullDelay	0.559168	559168	1	17
4.55992	9	0	42	FullDelay	0.25992	259920	1	9
4.56632	44	0	41	FullDelay	0.36632	366320	1	10
4.57196	22	0	40	FullDelay	0.47196	471960	1	14
4.5863	0	0	39	FullDelay	0.586304	586304	1	18
4.59343	25	0	41	FullDelay	0.393432	393432	1	11
4.60206	70	0	26	FullDelay	0.402064	402064	1	11
4.61769	11	0	40	FullDelay	0.517688	517688	1	16
4.62487	90	0	42	FullDelay	0.324872	324872	1	9
4.62915	15	0	41	FullDelay	0.429152	429152	1	12
4.64484	1	0	40	FullDelay	0.54484	544840	1	17
4.65202	8	0	42	FullDelay	0.352024	352024	1	10
4.65352	10	0	40	FullDelay	0.55352	553520	1	17
4.65992	9	0	43	FullDelay	0.25992	259920	1	9
4.6606	80	0	42	FullDelay	0.3606	360600	1	10
4.66926	44	0	42	FullDelay	0.369256	369256	1	10
4.67488	22	0	41	FullDelay	0.47488	474880	1	14
4.68066	0	0	40	FullDelay	0.580656	580656	1	18
4.69637	25	0	42	FullDelay	0.396368	396368	1	11
4.72061	11	0	41	FullDelay	0.520608	520608	1	16
4.72352	15	0	42	FullDelay	0.42352	423520	1	12
4.72781	90	0	43	FullDelay	0.327808	327808	1	9
4.73216	33	0	11	FullDelay	3.53216	3.53216e+06	2	12
4.74776	1	0	41	FullDelay	0.54776	547760	1	17
4.75496	8	0	43	FullDelay	0.35496	354960	1	10
4.75646	10	0	41	FullDelay	0.556456	556456	1	17
4.75992	9	0	44	FullDelay	0.25992	259920	1	9
4.76354	80	0	43	FullDelay	0.363536	363536	1	10
4.77219	44	0	43	FullDelay	0.372192	372192	1	10
4.77788	22	0	42	FullDelay	0.47788	477880	1	14
4.78359	0	0	41	FullDelay	0.583592	583592	1	18
4.7993	25	0	43	FullDelay	0.399304	399304	1	11
4.82216	90	0	44	FullDelay	0.32216	322160	1	9
4.82361	11	0	42	FullDelay	0.523608	523608	1	16
4.82646	15	0	43	FullDelay	0.426456	426456	1	12
4.84931	8	0	44	FullDelay	0.349312	349312	1	10
4.85076	1	0	42	FullDelay	0.55076	550760	1	17
4.85789	80	0	44	FullDelay	0.357888	357888	1	10
4.85939	10	0	42	FullDelay	0.559392	559392	1	17
4.85992	9	0	45	FullDelay	0.25992	259920	1	9
4.86654	44	0	44	FullDelay	0.366544	366544	1	10
4.87218	22	0	43	FullDelay	0.472184	472184	1	14
4.88653	0	0	42	FullDelay	0.586528	586528	1	18
4.89366	25	0	44	FullDelay	0.393656	393656	1	11
4.90229	70	0	29	FullDelay	0.402288	402288	1	11
4.91791	11	0	43	FullDelay	0.517912	517912	1	16
4.9251	90	0	45	FullDelay	0.325096	325096	1	9
4.92938	15	0	44	FullDelay	0.429376	429376	1	12
4.94506	1	0	43	FullDelay	0.545064	545064	1	17
4.95225	8	0	45	FullDelay	0.352248	352248	1	10
4.95374	10	0	43	FullDelay	0.553744	553744	1	17
4.95992	9	0	46	FullDelay	0.25992	259920	1	9
4.96082	80	0	45	FullDelay	0.360824	360824	1	10
4.96948	44	0	45	FullDelay	0.36948	369480	1	10
4.9751	22	0	44	FullDelay	0.475104	475104	1	14
4.98088	0	0	43	FullDelay	0.58088	580880	1	18
4.99659	25	0	45	FullDelay	0.396592	396592	1	11
5.02083	11	0	44	FullDelay	0.520832	520832	1	16
5.02374	15	0	45	FullDelay	0.423744	423744	1	12
5.02803	90	0	46	FullDelay	0.328032	328032	1	9
5.03238	33	0	14	FullDelay	3.23238	3.23238e+06	2	12
5.04798	1	0	44	FullDelay	0.547984	547984	1	17
5.05518	8	0	46	FullDelay	0.355184	355184	1	10
5.05668	10	0	44	FullDelay	0.55668	556680	1	17
5.05992	9	0	47	FullDelay	0.25992	259920	1	9
5.06376	80	0	46	FullDelay	0.36376	363760	1	10
5.07242	44	0	46	FullDelay	0.372416	372416	1	10
5.0781	22	0	45	FullDelay	0.478104	478104	1	14
5.08382	0	0	44	FullDelay	0.583816	583816	1	18
5.09953	25	0	46	FullDelay	0.399528	399528	1	11
5.12238	90	0	47	FullDelay	0.322384	322384	1	9
5.12383	11	0	45	FullDelay	0.523832	523832	1	16
5.12668	15	0	46	FullDelay	0.42668	426680	1	12
5.14954	8	0	47	FullDelay	0.349536	349536	1	10
5.15098	1	0	45	FullDelay	0.550984	550984	1	17
5.15811	80	0	47	FullDelay	0.358112	358112	1	10
5.15962	10	0	45	FullDelay	0.559616	559616	1	17
5.15992	9	0	48	FullDelay	0.25992	259920	1	9
5.16677	44	0	47	FullDelay	0.366768	366768	1	10
5.17241	22	0	46	FullDelay	0.472408	472408	1	14
5.18675	0	0	45	FullDelay	0.586752	586752	1	18
5.19388	25	0	47	FullDelay	0.39388	393880	1	11
5.20251	70	0	18	FullDelay	2.40251	2.40251e+06	3	11
5.21814	11	0	46	FullDelay	0.518136	518136	1	16
5.22532	90	0	48	FullDelay	0.32532	325320	1	9
5.2296	15	0	47	FullDelay	0.4296	429600	1	12
5.24529	1	0	46	FullDelay	0.545288	545288	1	17
5.25247	8	0	48	FullDelay	0.352472	352472	1	10
5.25397	10	0	46	FullDelay	0.553968	553968	1	17
5.25992	9	0	49	FullDelay	0.25992	259920	1	9
5.26105	80	0	48	FullDelay	0.361048	361048	1	10
5.2697	44	0	48	FullDelay	0.369704	369704	1	10
5.27533	22	0	47	FullDelay	0.475328	475328	1	14
5.2811	0	0	46	FullDelay	0.581104	581104	1	18
5.29682	25	0	48	FullDelay	0.396816	396816	1	11
5.32106	11	0	47	FullDelay	0.521056	521056	1	16
5.32397	15	0	48	FullDelay	0.423968	423968	1	12
5.32826	90	0	49	FullDelay	0.328256	328256	1	9
5.33261	33	0	17	FullDelay	3.23261	3.23261e+06	2	12
5.34821	1	0	47	FullDelay	0.548208	548208	1	17
5.35541	8	0	49	FullDelay	0.355408	355408	1	10
5.3569	10	0	47	FullDelay	0.556904	556904	1	17
5.35992	9	0	50	FullDelay	0.25992	259920	1	9
5.36398	80	0	49	FullDelay	0.363984	363984	1	10
5.37264	44	0	49	FullDelay	0.37264	372640	1	10
5.37833	22	0	48	FullDelay	0.478328	478328	1	14
5.38404	0	0	47	FullDelay	0.58404	584040	1	18
5.39975	25	0	49	FullDelay	0.399752	399752	1	11
5.42261	90	0	50	FullDelay	0.322608	322608	1	9
5.42406	11	0	48	FullDelay	0.524056	524056	1	16
5.4269	15	0	49	FullDelay	0.426904	426904	1	12
5.44976	8	0	50	FullDelay	0.34976	349760	1	10
5.45121	1	0	48	FullDelay	0.551208	551208	1	17
5.45834	80	0	50	FullDelay	0.358336	358336	1	10
5.45984	10	0	48	FullDelay	0.55984	559840	1	17
5.45992	9	0	51	FullDelay	0.25992	259920	1	9
5.46699	44	0	50	FullDelay	0.366992	366992	1	10
5.47263	22	0	49	FullDelay	0.472632	472632	1	14
5.48698	0	0	48	FullDelay	0.586976	586976	1	18
5.4941	25	0	50	FullDelay	0.394104	394104	1	11
5.50274	70	0	24	FullDelay	2.10274	2.10274e+06	2	11
5.51836	11	0	49	FullDelay	0.51836	518360	1	16
5.52554	90	0	51	FullDelay	0.325544	325544	1	9
5.52982	15	0	50	FullDelay	0.429824	429824	1	12
5.54551	1	0	49	FullDelay	0.545512	545512	1	17
5.5527	8	0	51	FullDelay	0.352696	352696	1	10
5.55419	10	0	49	FullDelay	0.554192	554192	1	17
5.55992	9	0	52	FullDelay	0.25992	259920	1	9
5.56127	80	0	51	FullDelay	0.361272	361272	1	10
5.56993	44	0	51	FullDelay	0.369928	369928	1	10
5.57555	22	0	50	FullDelay	0.475552	475552	1	14
5.58133	0	0	49	FullDelay	0.581328	581328	1	18
5.59704	25	0	51	FullDelay	0.39704	397040	1	11
5.6199	90	0	52	FullDelay	0.319896	319896	1	9
5.62128	11	0	50	FullDelay	0.52128	521280	1	16
5.62419	15	0	51	FullDelay	0.424192	424192	1	12
5.64705	8	0	52	FullDelay	0.347048	347048	1	10
5.64843	1	0	50	FullDelay	0.548432	548432	1	17
5.65562	80	0	52	FullDelay	0.355624	355624	1	10
5.65713	10	0	50	FullDelay	0.557128	557128	1	17
5.65992	9	0	53	FullDelay	0.25992	259920	1	9
5.66428	44	0	52	FullDelay	0.36428	364280	1	10
5.66992	22	0	51	FullDelay	0.46992	469920	1	14
5.68426	0	0	50	FullDelay	0.584264	584264	1	18
5.69139	25	0	52	FullDelay	0.391392	391392	1	11
5.70002	70	0	27	FullDelay	1.40002	1.40002e+06	2	11
5.71565	11	0	51	FullDelay	0.515648	515648	1	16
5.72283	90	0	53	FullDelay	0.322832	322832	1	9
5.72711	15	0	52	FullDelay	0.427112	427112	1	12
5.7428	1	0	51	FullDelay	0.5428	542800	1	17
5.74998	8	0	53	FullDelay	0.349984	349984	1	10
5.75148	10	0	51	FullDelay	0.55148	551480	1	17
5.75856	80	0	53	FullDelay	0.35856	358560	1	10
5.75992	9	0	54	FullDelay	0.25992	259920	1	9
5.76722	44	0	53	FullDelay	0.367216	367216	1	10
5.77284	22	0	52	FullDelay	0.47284	472840	1	14
5.77862	0	0	51	FullDelay	0.578616	578616	1	18
5.79433	25	0	53	FullDelay	0.394328	394328	1	11
5.80296	70	0	28	FullDelay	1.40296	1.40296e+06	2	11
5.81857	11	0	52	FullDelay	0.518568	518568	1	16
5.82577	90	0	54	FullDelay	0.325768	325768	1	9
5.83005	15	0	53	FullDelay	0.430048	430048	1	12
5.84572	1	0	52	FullDelay	0.54572	545720	1	17
5.85292	8	0	54	FullDelay	0.35292	352920	1	10
5.85442	10	0	52	FullDelay	0.554416	554416	1	17
5.85992	9	0	55	FullDelay	0.25992	259920	1	9
5.8615	80	0	54	FullDelay	0.361496	361496	1	10
5.87015	44	0	54	FullDelay	0.370152	370152	1	10
5.87578	22	0	53	FullDelay	0.475776	475776	1	14
5.88155	0	0	52	FullDelay	0.581552	581552	1	18
5.89726	25	0	54	FullDelay	0.397264	397264	1	11
5.92012	90	0	55	FullDelay	0.32012	320120	1	9
5.9215	11	0	53	FullDelay	0.521504	521504	1	16
5.92442	15	0	54	FullDelay	0.424416	424416	1	12
5.94727	8	0	55	FullDelay	0.347272	347272	1	10
5.94866	1	0	53	FullDelay	0.548656	548656	1	17
5.95585	80	0	55	FullDelay	0.355848	355848	1	10
5.95735	10	0	53	FullDelay	0.557352	557352	1	17
5.95992	9	0	56	FullDelay	0.25992	259920	1	9
5.9645	44	0	55	FullDelay	0.364504	364504	1	10
5.97014	22	0	54	FullDelay	0.470144	470144	1	14
5.98449	0	0	53	FullDelay	0.584488	584488	1	18
5.99162	25	0	55	FullDelay	0.391616	391616	1	11
6.00025	70	0	32	FullDelay	0.400248	400248	1	11
6.01587	11	0	54	FullDelay	0.515872	515872	1	16
6.02306	90	0	56	FullDelay	0.323056	323056	1	9
6.02734	15	0	55	FullDelay	0.427336	427336	1	12
6.04302	1	0	54	FullDelay	0.543024	543024	1	17
6.05021	8	0	56	FullDelay	0.350208	350208	1	10
6.0517	10	0	54	FullDelay	0.551704	551704	1	17
6.05878	80	0	56	FullDelay	0.358784	358784	1	10
6.05992	9	0	57	FullDelay	0.25992	259920	1	9
6.06744	44	0	56	FullDelay	0.36744	367440	1	10
6.07306	22	0	55	FullDelay	0.473064	473064	1	14
6.07884	0	0	54	FullDelay	0.57884	578840	1	18
6.09455	25	0	56	FullDelay	0.394552	394552	1	11
6.10318	70	0	33	FullDelay	0.403184	403184	1	11
6.11879	11	0	55	FullDelay	0.518792	518792	1	16
6.12599	90	0	57	FullDelay	0.325992	325992	1	9
6.13027	15	0	56	FullDelay	0.430272	430272	1	12
6.14594	1	0	55	FullDelay	0.545944	545944	1	17
6.15314	8	0	57	FullDelay	0.353144	353144	1	10
6.15464	10	0	55	FullDelay	0.55464	554640	1	17
6.15992	9	0	58	FullDelay	0.25992	259920	1	9
6.16172	80	0	57	FullDelay	0.36172	361720	1	10
6.17038	44	0	57	FullDelay	0.370376	370376	1	10
6.176	22	0	56	FullDelay	0.476	476000	1	14
6.18178	0	0	55	FullDelay	0.581776	581776	1	18
6.19749	25	0	57	FullDelay	0.397488	397488	1	11
6.22034	90	0	58	FullDelay	0.320344	320344	1	9
6.22173	11	0	56	FullDelay	0.521728	521728	1	16
6.22464	15	0	57	FullDelay	0.42464	424640	1	12
6.2475	8	0	58	FullDelay	0.347496	347496	1	10
6.24888	1	0	56	FullDelay	0.54888	548880	1	17
6.25607	80	0	58	FullDelay	0.356072	356072	1	10
6.25758	10	0	56	FullDelay	0.557576	557576	1	17
6.25992	9	0	59	FullDelay	0.25992	259920	1	9
6.26473	44	0	58	FullDelay	0.364728	364728	1	10
6.27037	22	0	57	FullDelay	0.470368	470368	1	14
6.28471	0	0	56	FullDelay	0.584712	584712	1	18
6.29184	25	0	58	FullDelay	0.39184	391840	1	11
6.30047	70	0	35	FullDelay	0.400472	400472	1	11
6.3161	11	0	57	FullDelay	0.516096	516096	1	16
6.32328	90	0	59	FullDelay	0.32328	323280	1	9
6.32756	15	0	58	FullDelay	0.42756	427560	1	12
6.34325	1	0	57	FullDelay	0.543248	543248	1	17
6.35043	8	0	59	FullDelay	0.350432	350432	1	10
6.35193	10	0	57	FullDelay	0.551928	551928	1	17
6.35901	80	0	59	FullDelay	0.359008	359008	1	10
6.35992	9	0	60	FullDelay	0.25992	259920	1	9
6.36766	44	0	59	FullDelay	0.367664	367664	1	10
6.37329	22	0	58	FullDelay	0.473288	473288	1	14
6.37906	0	0	57	FullDelay	0.579064	579064	1	18
6.39478	25	0	59	FullDelay	0.394776	394776	1	11
6.40341	70	0	36	FullDelay	0.403408	403408	1	11
6.41902	11	0	58	FullDelay	0.519016	519016	1	16
6.42622	90	0	60	FullDelay	0.326216	326216	1	9
6.4305	15	0	59	FullDelay	0.430496	430496	1	12
6.44617	1	0	58	FullDelay	0.546168	546168	1	17
6.45337	8	0	60	FullDelay	0.353368	353368	1	10
6.45486	10	0	58	FullDelay	0.554864	554864	1	17
6.45992	9	0	61	FullDelay	0.25992	259920	1	9
6.46194	80	0	60	FullDelay	0.361944	361944	1	10
6.4706	44	0	60	FullDelay	0.3706	370600	1	10
6.47622	22	0	59	FullDelay	0.476224	476224	1	14
6.482	0	0	58	FullDelay	0.582	582000	1	18
6.49771	25	0	60	FullDelay	0.397712	397712	1	11
6.52057	90	0	61	FullDelay	0.320568	320568	1	9
6.52195	11	0	59	FullDelay	0.521952	521952	1	16
6.52486	15	0	60	FullDelay	0.424864	424864	1	12
6.54772	8	0	61	FullDelay	0.34772	347720	1	10
6.5491	1	0	59	FullDelay	0.549104	549104	1	17
6.5563	80	0	61	FullDelay	0.356296	356296	1	10
6.5578	10	0	59	FullDelay	0.5578	557800	1	17
6.55992	9	0	62	FullDelay	0.25992	259920	1	9
6.56495	44	0	61	FullDelay	0.364952	364952	1	10
6.57059	22	0	60	FullDelay	0.470592	470592	1	14
6.58494	0	0	59	FullDelay	0.584936	584936	1	18
6.59206	25	0	61	FullDelay	0.392064	392064	1	11
6.6007	70	0	19	FullDelay	3.7007	3.7007e+06	4	11
6.61632	11	0	60	FullDelay	0.51632	516320	1	16
6.6235	90	0	62	FullDelay	0.323504	323504	1	9
6.62778	15	0	61	FullDelay	0.427784	427784	1	12
6.64347	1	0	60	FullDelay	0.543472	543472	1	17
6.65066	8	0	62	FullDelay	0.350656	350656	1	10
6.65215	10	0	60	FullDelay	0.552152	552152	1	17
6.65923	80	0	62	FullDelay	0.359232	359232	1	10
6.65992	9	0	63	FullDelay	0.25992	259920	1	9
6.66789	44	0	62	FullDelay	0.367888	367888	1	10
6.67351	22	0	61	FullDelay	0.473512	473512	1	14
6.67929	0	0	60	FullDelay	0.579288	579288	1	18
6.695	25	0	62	FullDelay	0.395	395000	1	11
6.70363	70	0	22	FullDelay	3.50363	3.50363e+06	4	11
6.71924	11	0	61	FullDelay	0.51924	519240	1	16
6.72644	90	0	63	FullDelay	0.32644	326440	1	9
6.73072	15	0	62	FullDelay	0.43072	430720	1	12
6.74639	1	0	61	FullDelay	0.546392	546392	1	17
6.75359	8	0	63	FullDelay	0.353592	353592	1	10
6.75509	10	0	61	FullDelay	0.555088	555088	1	17
6.75992	9	0	64	FullDelay	0.25992	259920	1	9
6.76217	80	0	63	FullDelay	0.362168	362168	1	10
6.77082	44	0	63	FullDelay	0.370824	370824	1	10
6.77645	22	0	62	FullDelay	0.476448	476448	1	14
6.78222	0	0	61	FullDelay	0.582224	582224	1	18
6.79794	25	0	63	FullDelay	0.397936	397936	1	11
6.82079	90	0	64	FullDelay	0.320792	320792	1	9
6.82218	11	0	62	FullDelay	0.522176	522176	1	16
6.82509	15	0	63	FullDelay	0.425088	425088	1	12
6.84794	8	0	64	FullDelay	0.347944	347944	1	10
6.84933	1	0	62	FullDelay	0.549328	549328	1	17
6.85652	80	0	64	FullDelay	0.35652	356520	1	10
6.85802	10	0	62	FullDelay	0.558024	558024	1	17
6.85992	9	0	65	FullDelay	0.25992	259920	1	9
6.86518	44	0	64	FullDelay	0.365176	365176	1	10
6.87082	22	0	63	FullDelay	0.470816	470816	1	14
6.88516	0	0	62	FullDelay	0.58516	585160	1	18
6.89229	25	0	64	FullDelay	0.392288	392288	1	11
6.90092	70	0	30	FullDelay	2.30092	2.30092e+06	2	11
6.91654	11	0	63	FullDelay	0.516544	516544	1	16
6.92373	90	0	65	FullDelay	0.323728	323728	1	9
6.92801	15	0	64	FullDelay	0.428008	428008	1	12
6.9437	1	0	63	FullDelay	0.543696	543696	1	17
6.95088	8	0	65	FullDelay	0.35088	350880	1	10
6.95238	10	0	63	FullDelay	0.552376	552376	1	17
6.95946	80	0	65	FullDelay	0.359456	359456	1	10
6.95992	9	0	66	FullDelay	0.25992	259920	1	9
6.96811	44	0	65	FullDelay	0.368112	368112	1	10
6.97374	22	0	64	FullDelay	0.473736	473736	1	14
6.97951	0	0	63	FullDelay	0.579512	579512	1	18
6.99522	25	0	65	FullDelay	0.395224	395224	1	11
7.00386	70	0	31	FullDelay	1.50386	1.50386e+06	2	11
7.01946	11	0	64	FullDelay	0.519464	519464	1	16
7.02666	90	0	66	FullDelay	0.326664	326664	1	9
7.03094	15	0	65	FullDelay	0.430944	430944	1	12
7.04662	1	0	64	FullDelay	0.546616	546616	1	17
7.05382	8	0	66	FullDelay	0.353816	353816	1	10
7.05531	10	0	64	FullDelay	0.555312	555312	1	17
7.05992	9	0	67	FullDelay	0.25992	259920	1	9
7.06239	80	0	66	FullDelay	0.362392	362392	1	10
7.07105	44	0	66	FullDelay	0.371048	371048	1	10
7.07667	22	0	65	FullDelay	0.476672	476672	1	14
7.08245	0	0	64	FullDelay	0.582448	582448	1	18
7.09816	25	0	66	FullDelay	0.39816	398160	1	11
7.12102	90	0	67	FullDelay	0.321016	321016	1	9
7.1224	11	0	65	FullDelay	0.5224	522400	1	16
7.12531	15	0	66	FullDelay	0.425312	425312	1	12
7.14817	8	0	67	FullDelay	0.348168	348168	1	10
7.14955	1	0	65	FullDelay	0.549552	549552	1	17
7.15674	80	0	67	FullDelay	0.356744	356744	1	10
7.15825	10	0	65	FullDelay	0.558248	558248	1	17
7.15992	9	0	68	FullDelay	0.25992	259920	1	9
7.1654	44	0	67	FullDelay	0.3654	365400	1	10
7.17104	22	0	66	FullDelay	0.47104	471040	1	14
7.18538	0	0	65	FullDelay	0.585384	585384	1	18
7.19251	25	0	67	FullDelay	0.392512	392512	1	11
7.20114	70	0	34	FullDelay	1.40114	1.40114e+06	2	11
7.21677	11	0	66	FullDelay	0.516768	516768	1	16
7.22395	90	0	68	FullDelay	0.323952	323952	1	9
7.22823	15	0	67	FullDelay	0.428232	428232	1	12
7.24392	1	0	66	FullDelay	0.54392	543920	1	17
7.2511	8	0	68	FullDelay	0.351104	351104	1	10
7.2526	10	0	66	FullDelay	0.5526	552600	1	17
7.25968	80	0	68	FullDelay	0.35968	359680	1	10
7.25992	9	0	69	FullDelay	0.25992	259920	1	9
7.26834	44	0	68	FullDelay	0.368336	368336	1	10
7.27396	22	0	67	FullDelay	0.47396	473960	1	14
7.27974	0	0	66	FullDelay	0.579736	579736	1	18
7.29545	25	0	68	FullDelay	0.395448	395448	1	11
7.30408	7	0	43	FullDelay	0.40408	404080	1	11
7.31969	11	0	67	FullDelay	0.519688	519688	1	16
7.32689	90	0	69	FullDelay	0.326888	326888	1	9
7.33121	15	0	68	FullDelay	0.431208	431208	1	12
7.34684	1	0	67	FullDelay	0.54684	546840	1	17
7.35404	8	0	69	FullDelay	0.35404	354040	1	10
7.35554	10	0	67	FullDelay	0.555536	555536	1	17
7.35992	9	0	70	FullDelay	0.25992	259920	1	9
7.36262	80	0	69	FullDelay	0.362616	362616	1	10
7.37127	44	0	69	FullDelay	0.371272	371272	1	10
7.37691	22	0	68	FullDelay	0.476912	476912	1	14
7.38267	0	0	67	FullDelay	0.582672	582672	1	18
7.39838	25	0	69	FullDelay	0.398384	398384	1	11
7.42124	90	0	70	FullDelay	0.32124	321240	1	9
7.42264	11	0	68	FullDelay	0.52264	522640	1	16
7.42554	15	0	69	FullDelay	0.425536	425536	1	12
7.44839	8	0	70	FullDelay	0.348392	348392	1	10
7.44979	1	0	68	FullDelay	0.549792	549792	1	17
7.45697	80	0	70	FullDelay	0.356968	356968	1	10
7.45847	10	0	68	FullDelay	0.558472	558472	1	17
7.45992	9	0	71	FullDelay	0.25992	259920	1	9
7.46562	44	0	70	FullDelay	0.365624	365624	1	10
7.47126	22	0	69	FullDelay	0.471264	471264	1	14
7.48561	0	0	68	FullDelay	0.585608	585608	1	18
7.49274	25	0	70	FullDelay	0.392736	392736	1	11
7.50137	70	0	39	FullDelay	0.401368	401368	1	11
7.51699	11	0	69	FullDelay	0.516992	516992	1	16
7.52418	90	0	71	FullDelay	0.324176	324176	1	9
7.52846	15	0	70	FullDelay	0.428456	428456	1	12
7.54414	1	0	69	FullDelay	0.544144	544144	1	17
7.55133	8	0	71	FullDelay	0.351328	351328	1	10
7.55282	10	0	69	FullDelay	0.552824	552824	1	17
7.5599	80	0	71	FullDelay	0.359904	359904	1	10
7.55992	9	0	72	FullDelay	0.25992	259920	1	9
7.56856	44	0	71	FullDelay	0.36856	368560	1	10
7.57418	22	0	70	FullDelay	0.474184	474184	1	14
7.57996	0	0	69	FullDelay	0.57996	579960	1	18
7.59567	25	0	71	FullDelay	0.395672	395672	1	11
7.61991	11	0	70	FullDelay	0.519912	519912	1	16
7.62282	15	0	71	FullDelay	0.422824	422824	1	12
7.62711	90	0	72	FullDelay	0.327112	327112	1	9
7.63146	33	0	42	FullDelay	0.431464	431464	1	12
7.64706	1	0	70	FullDelay	0.547064	547064	1	17
7.65426	8	0	72	FullDelay	0.354264	354264	1	10
7.65576	10	0	70	FullDelay	0.55576	555760	1	17
7.65992	9	0	73	FullDelay	0.25992	259920	1	9
7.66284	80	0	72	FullDelay	0.36284	362840	1	10
7.6715	44	0	72	FullDelay	0.371496	371496	1	10
7.67718	22	0	71	FullDelay	0.477184	477184	1	14
7.6829	0	0	70	FullDelay	0.582896	582896	1	18
7.69861	25	0	72	FullDelay	0.398608	398608	1	11
7.72146	90	0	73	FullDelay	0.321464	321464	1	9
7.72291	11	0	71	FullDelay	0.522912	522912	1	16
7.72576	15	0	72	FullDelay	0.42576	425760	1	12
7.74862	8	0	73	FullDelay	0.348616	348616	1	10
7.75006	1	0	71	FullDelay	0.550064	550064	1	17
7.75719	80	0	73	FullDelay	0.357192	357192	1	10
7.7587	10	0	71	FullDelay	0.558696	558696	1	17
7.75992	9	0	74	FullDelay	0.25992	259920	1	9
7.76585	44	0	73	FullDelay	0.365848	365848	1	10
7.77149	22	0	72	FullDelay	0.471488	471488	1	14
7.78583	0	0	71	FullDelay	0.585832	585832	1	18
7.79296	25	0	73	FullDelay	0.39296	392960	1	11
7.80159	70	0	25	FullDelay	3.70159	3.70159e+06	4	11
7.81722	11	0	72	FullDelay	0.517216	517216	1	16
7.8244	90	0	74	FullDelay	0.3244	324400	1	9
7.82868	15	0	73	FullDelay	0.42868	428680	1	12
7.84437	1	0	72	FullDelay	0.544368	544368	1	17
7.85155	8	0	74	FullDelay	0.351552	351552	1	10
7.85305	10	0	72	FullDelay	0.553048	553048	1	17
7.85992	9	0	75	FullDelay	0.25992	259920	1	9
7.86013	80	0	74	FullDelay	0.360128	360128	1	10
7.86878	44	0	74	FullDelay	0.368784	368784	1	10
7.87441	22	0	73	FullDelay	0.474408	474408	1	14
7.88018	0	0	72	FullDelay	0.580184	580184	1	18
7.8959	25	0	74	FullDelay	0.395896	395896	1	11
7.92014	11	0	73	FullDelay	0.520136	520136	1	16
7.92305	15	0	74	FullDelay	0.423048	423048	1	12
7.92734	90	0	75	FullDelay	0.327336	327336	1	9
7.93169	33	0	45	FullDelay	0.431688	431688	1	12
7.94729	1	0	73	FullDelay	0.547288	547288	1	17
7.95449	8	0	75	FullDelay	0.354488	354488	1	10
7.95598	10	0	73	FullDelay	0.555984	555984	1	17
7.95992	9	0	76	FullDelay	0.25992	259920	1	9
7.96306	80	0	75	FullDelay	0.363064	363064	1	10
7.97172	44	0	75	FullDelay	0.37172	371720	1	10
7.97741	22	0	74	FullDelay	0.477408	477408	1	14
7.98312	0	0	73	FullDelay	0.58312	583120	1	18
7.99883	25	0	75	FullDelay	0.398832	398832	1	11
8.02169	90	0	76	FullDelay	0.321688	321688	1	9
8.02314	11	0	74	FullDelay	0.523136	523136	1	16
8.02598	15	0	75	FullDelay	0.425984	425984	1	12
8.04884	8	0	76	FullDelay	0.34884	348840	1	10
8.05029	1	0	74	FullDelay	0.550288	550288	1	17
8.05742	80	0	76	FullDelay	0.357416	357416	1	10
8.05892	10	0	74	FullDelay	0.55892	558920	1	17
8.05992	9	0	77	FullDelay	0.25992	259920	1	9
8.06607	44	0	76	FullDelay	0.366072	366072	1	10
8.07171	22	0	75	FullDelay	0.471712	471712	1	14
8.08606	0	0	74	FullDelay	0.586056	586056	1	18
8.09318	25	0	76	FullDelay	0.393184	393184	1	11
8.10182	70	0	37	FullDelay	1.20182	1.20182e+06	2	11
8.11744	11	0	75	FullDelay	0.51744	517440	1	16
8.12462	90	0	77	FullDelay	0.324624	324624	1	9
8.1289	15	0	76	FullDelay	0.428904	428904	1	12
8.14459	1	0	75	FullDelay	0.544592	544592	1	17
8.15178	8	0	77	FullDelay	0.351776	351776	1	10
8.15327	10	0	75	FullDelay	0.553272	553272	1	17
8.15992	9	0	78	FullDelay	0.25992	259920	1	9
8.16035	80	0	77	FullDelay	0.360352	360352	1	10
8.16901	44	0	77	FullDelay	0.369008	369008	1	10
8.17463	22	0	76	FullDelay	0.474632	474632	1	14
8.18041	0	0	75	FullDelay	0.580408	580408	1	18
8.19612	25	0	77	FullDelay	0.39612	396120	1	11
8.22036	11	0	76	FullDelay	0.52036	520360	1	16
8.22327	15	0	77	FullDelay	0.423272	423272	1	12
8.22756	90	0	78	FullDelay	0.32756	327560	1	9
8.23191	33	0	6	FullDelay	7.63191	7.63191e+06	4	12
8.24751	1	0	76	FullDelay	0.547512	547512	1	17
8.25471	8	0	78	FullDelay	0.354712	354712	1	10
8.25621	10	0	76	FullDelay	0.556208	556208	1	17
8.25992	9	0	79	FullDelay	0.25992	259920	1	9
8.26329	80	0	78	FullDelay	0.363288	363288	1	10
8.27194	44	0	78	FullDelay	0.371944	371944	1	10
8.27763	22	0	77	FullDelay	0.477632	477632	1	14
8.28334	0	0	76	FullDelay	0.583344	583344	1	18
8.29906	25	0	78	FullDelay	0.399056	399056	1	11
8.32191	90	0	79	FullDelay	0.321912	321912	1	9
8.32336	11	0	77	FullDelay	0.52336	523360	1	16
8.32621	15	0	78	FullDelay	0.426208	426208	1	12
8.34906	8	0	79	FullDelay	0.349064	349064	1	10
8.35051	1	0	77	FullDelay	0.550512	550512	1	17
8.35764	80	0	79	FullDelay	0.35764	357640	1	10
8.35914	10	0	77	FullDelay	0.559144	559144	1	17
8.35992	9	0	80	FullDelay	0.25992	259920	1	9
8.3663	44	0	79	FullDelay	0.366296	366296	1	10
8.37194	22	0	78	FullDelay	0.471936	471936	1	14
8.38628	0	0	77	FullDelay	0.58628	586280	1	18
8.39341	25	0	79	FullDelay	0.393408	393408	1	11
8.40204	70	0	44	FullDelay	0.40204	402040	1	11
8.41766	11	0	78	FullDelay	0.517664	517664	1	16
8.42485	90	0	80	FullDelay	0.324848	324848	1	9
8.42913	15	0	79	FullDelay	0.429128	429128	1	12
8.44482	1	0	78	FullDelay	0.544816	544816	1	17
8.452	8	0	80	FullDelay	0.352	352000	1	10
8.4535	10	0	78	FullDelay	0.553496	553496	1	17
8.45992	9	0	81	FullDelay	0.25992	259920	1	9
8.46058	80	0	80	FullDelay	0.360576	360576	1	10
8.46923	44	0	80	FullDelay	0.369232	369232	1	10
8.47486	22	0	79	FullDelay	0.474856	474856	1	14
8.48063	0	0	78	FullDelay	0.580632	580632	1	18
8.49634	25	0	80	FullDelay	0.396344	396344	1	11
8.52058	11	0	79	FullDelay	0.520584	520584	1	16
8.5235	15	0	80	FullDelay	0.423496	423496	1	12
8.52778	90	0	81	FullDelay	0.327784	327784	1	9
8.53214	33	0	12	FullDelay	7.13214	7.13214e+06	3	12
8.54774	1	0	79	FullDelay	0.547736	547736	1	17
8.55494	8	0	81	FullDelay	0.354936	354936	1	10
8.55643	10	0	79	FullDelay	0.556432	556432	1	17
8.55992	9	0	82	FullDelay	0.25992	259920	1	9
8.56351	80	0	81	FullDelay	0.363512	363512	1	10
8.57217	44	0	81	FullDelay	0.372168	372168	1	10
8.57786	22	0	80	FullDelay	0.477856	477856	1	14
8.58357	0	0	79	FullDelay	0.583568	583568	1	18
8.59928	25	0	81	FullDelay	0.39928	399280	1	11
8.62214	90	0	82	FullDelay	0.322136	322136	1	9
8.62358	11	0	80	FullDelay	0.523584	523584	1	16
8.62643	15	0	81	FullDelay	0.426432	426432	1	12
8.64929	8	0	82	FullDelay	0.349288	349288	1	10
8.65074	1	0	80	FullDelay	0.550736	550736	1	17
8.65786	80	0	82	FullDelay	0.357864	357864	1	10
8.65937	10	0	80	FullDelay	0.559368	559368	1	17
8.65992	9	0	83	FullDelay	0.25992	259920	1	9
8.66652	44	0	82	FullDelay	0.36652	366520	1	10
8.67216	22	0	81	FullDelay	0.47216	472160	1	14
8.6865	0	0	80	FullDelay	0.586504	586504	1	18
8.69363	25	0	82	FullDelay	0.393632	393632	1	11
8.70226	70	0	47	FullDelay	0.402264	402264	1	11
8.71789	11	0	81	FullDelay	0.517888	517888	1	16
8.72507	90	0	83	FullDelay	0.325072	325072	1	9
8.72935	15	0	82	FullDelay	0.429352	429352	1	12
8.74504	1	0	81	FullDelay	0.54504	545040	1	17
8.75222	8	0	83	FullDelay	0.352224	352224	1	10
8.75372	10	0	81	FullDelay	0.55372	553720	1	17
8.75992	9	0	84	FullDelay	0.25992	259920	1	9
8.7608	80	0	83	FullDelay	0.3608	360800	1	10
8.76946	44	0	83	FullDelay	0.369456	369456	1	10
8.77508	22	0	82	FullDelay	0.47508	475080	1	14
8.78086	0	0	81	FullDelay	0.580856	580856	1	18
8.79657	25	0	83	FullDelay	0.396568	396568	1	11
8.82081	11	0	82	FullDelay	0.520808	520808	1	16
8.82372	15	0	83	FullDelay	0.42372	423720	1	12
8.82801	90	0	84	FullDelay	0.328008	328008	1	9
8.83236	33	0	16	FullDelay	6.83236	6.83236e+06	3	12
8.84796	1	0	82	FullDelay	0.54796	547960	1	17
8.85516	8	0	84	FullDelay	0.35516	355160	1	10
8.85666	10	0	82	FullDelay	0.556656	556656	1	17
8.85992	9	0	85	FullDelay	0.25992	259920	1	9
8.86374	80	0	84	FullDelay	0.363736	363736	1	10
8.87239	44	0	84	FullDelay	0.372392	372392	1	10
8.87808	22	0	83	FullDelay	0.47808	478080	1	14
8.88379	0	0	82	FullDelay	0.583792	583792	1	18
8.8995	25	0	84	FullDelay	0.399504	399504	1	11
8.92236	90	0	85	FullDelay	0.32236	322360	1	9
8.92381	11	0	83	FullDelay	0.523808	523808	1	16
8.92666	15	0	84	FullDelay	0.426656	426656	1	12
8.94951	8	0	85	FullDelay	0.349512	349512	1	10
8.95096	1	0	83	FullDelay	0.55096	550960	1	17
8.95809	80	0	85	FullDelay	0.358088	358088	1	10
8.95959	10	0	83	FullDelay	0.559592	559592	1	17
8.95992	9	0	86	FullDelay	0.25992	259920	1	9
8.96674	44	0	85	FullDelay	0.366744	366744	1	10
8.97238	22	0	84	FullDelay	0.472384	472384	1	14
8.98673	0	0	83	FullDelay	0.586728	586728	1	18
8.99386	25	0	85	FullDelay	0.393856	393856	1	11
9.00249	70	0	38	FullDelay	2.00249	2.00249e+06	3	11
9.01811	11	0	84	FullDelay	0.518112	518112	1	16
9.0253	90	0	86	FullDelay	0.325296	325296	1	9
9.02958	15	0	85	FullDelay	0.429576	429576	1	12
9.04526	1	0	84	FullDelay	0.545264	545264	1	17
9.05245	8	0	86	FullDelay	0.352448	352448	1	10
9.05394	10	0	84	FullDelay	0.553944	553944	1	17
9.05992	9	0	87	FullDelay	0.25992	259920	1	9
9.06102	80	0	86	FullDelay	0.361024	361024	1	10
9.06968	44	0	86	FullDelay	0.36968	369680	1	10
9.0753	22	0	85	FullDelay	0.475304	475304	1	14
9.08108	0	0	84	FullDelay	0.58108	581080	1	18
9.09679	25	0	86	FullDelay	0.396792	396792	1	11
9.12103	11	0	85	FullDelay	0.521032	521032	1	16
9.12394	15	0	86	FullDelay	0.423944	423944	1	12
9.12823	90	0	87	FullDelay	0.328232	328232	1	9
9.13258	33	0	20	FullDelay	6.73258	6.73258e+06	3	12
9.14818	1	0	85	FullDelay	0.548184	548184	1	17
9.15538	8	0	87	FullDelay	0.355384	355384	1	10
9.15688	10	0	85	FullDelay	0.55688	556880	1	17
9.15992	9	0	88	FullDelay	0.25992	259920	1	9
9.16396	80	0	87	FullDelay	0.36396	363960	1	10
9.17262	44	0	87	FullDelay	0.372616	372616	1	10
9.1783	22	0	86	FullDelay	0.478304	478304	1	14
9.18402	0	0	85	FullDelay	0.584016	584016	1	18
9.19973	25	0	87	FullDelay	0.399728	399728	1	11
9.22258	90	0	88	FullDelay	0.322584	322584	1	9
9.22403	11	0	86	FullDelay	0.524032	524032	1	16
9.22688	15	0	87	FullDelay	0.42688	426880	1	12
9.24974	8	0	88	FullDelay	0.349736	349736	1	10
9.25118	1	0	86	FullDelay	0.551184	551184	1	17
9.25831	80	0	88	FullDelay	0.358312	358312	1	10
9.25982	10	0	86	FullDelay	0.559816	559816	1	17
9.25992	9	0	89	FullDelay	0.25992	259920	1	9
9.26697	44	0	88	FullDelay	0.366968	366968	1	10
9.27261	22	0	87	FullDelay	0.472608	472608	1	14
9.28695	0	0	86	FullDelay	0.586952	586952	1	18
9.29408	25	0	88	FullDelay	0.39408	394080	1	11
9.30271	70	0	42	FullDelay	1.80271	1.80271e+06	2	11
9.31834	11	0	87	FullDelay	0.518336	518336	1	16
9.32552	90	0	89	FullDelay	0.32552	325520	1	9
9.3298	15	0	88	FullDelay	0.4298	429800	1	12
9.34549	1	0	87	FullDelay	0.545488	545488	1	17
9.35267	8	0	89	FullDelay	0.352672	352672	1	10
9.35417	10	0	87	FullDelay	0.554168	554168	1	17
9.35992	9	0	90	FullDelay	0.25992	259920	1	9
9.36125	80	0	89	FullDelay	0.361248	361248	1	10
9.3699	44	0	89	FullDelay	0.369904	369904	1	10
9.37553	22	0	88	FullDelay	0.475528	475528	1	14
9.3813	0	0	87	FullDelay	0.581304	581304	1	18
9.39702	25	0	89	FullDelay	0.397016	397016	1	11
9.41987	90	0	90	FullDelay	0.319872	319872	1	9
9.42126	11	0	88	FullDelay	0.521256	521256	1	16
9.42417	15	0	89	FullDelay	0.424168	424168	1	12
9.44702	8	0	90	FullDelay	0.347024	347024	1	10
9.44841	1	0	88	FullDelay	0.548408	548408	1	17
9.4556	80	0	90	FullDelay	0.3556	355600	1	10
9.4571	10	0	88	FullDelay	0.557104	557104	1	17
9.45992	9	0	91	FullDelay	0.25992	259920	1	9
9.46426	44	0	90	FullDelay	0.364256	364256	1	10
9.4699	22	0	89	FullDelay	0.469896	469896	1	14
9.48424	0	0	88	FullDelay	0.58424	584240	1	18
9.49137	25	0	90	FullDelay	0.391368	391368	1	11
9.5	70	0	45	FullDelay	1.4	1.4e+06	2	11
9.51562	11	0	89	FullDelay	0.515624	515624	1	16
9.52281	90	0	91	FullDelay	0.322808	322808	1	9
9.52709	15	0	90	FullDelay	0.427088	427088	1	12
9.54278	1	0	89	FullDelay	0.542776	542776	1	17
9.54996	8	0	91	FullDelay	0.34996	349960	1	10
9.55146	10	0	89	FullDelay	0.551456	551456	1	17
9.55854	80	0	91	FullDelay	0.358536	358536	1	10
9.55992	9	0	92	FullDelay	0.25992	259920	1	9
9.56719	44	0	91	FullDelay	0.367192	367192	1	10
9.57282	22	0	90	FullDelay	0.472816	472816	1	14
9.57859	0	0	89	FullDelay	0.578592	578592	1	18
9.5943	25	0	91	FullDelay	0.394304	394304	1	11
9.60294	70	0	46	FullDelay	1.40294	1.40294e+06	2	11
9.61854	11	0	90	FullDelay	0.518544	518544	1	16
9.62574	90	0	92	FullDelay	0.325744	325744	1	9
9.63002	15	0	91	FullDelay	0.430024	430024	1	12
9.6457	1	0	90	FullDelay	0.545696	545696	1	17
9.6529	8	0	92	FullDelay	0.352896	352896	1	10
9.65439	10	0	90	FullDelay	0.554392	554392	1	17
9.65992	9	0	93	FullDelay	0.25992	259920	1	9
9.66147	80	0	92	FullDelay	0.361472	361472	1	10
9.67013	44	0	92	FullDelay	0.370128	370128	1	10
9.67575	22	0	91	FullDelay	0.475752	475752	1	14
9.68153	0	0	90	FullDelay	0.581528	581528	1	18
9.69724	25	0	92	FullDelay	0.39724	397240	1	11
9.7201	90	0	93	FullDelay	0.320096	320096	1	9
9.72148	11	0	91	FullDelay	0.52148	521480	1	16
9.72439	15	0	92	FullDelay	0.424392	424392	1	12
9.74725	8	0	93	FullDelay	0.347248	347248	1	10
9.74863	1	0	91	FullDelay	0.548632	548632	1	17
9.75582	80	0	93	FullDelay	0.355824	355824	1	10
9.75733	10	0	91	FullDelay	0.557328	557328	1	17
9.75992	9	0	94	FullDelay	0.25992	259920	1	9
9.76448	44	0	93	FullDelay	0.36448	364480	1	10
9.77012	22	0	92	FullDelay	0.47012	470120	1	14
9.78446	0	0	91	FullDelay	0.584464	584464	1	18
9.79159	25	0	93	FullDelay	0.391592	391592	1	11
9.80022	70	0	50	FullDelay	0.400224	400224	1	11
9.81585	11	0	92	FullDelay	0.515848	515848	1	16
9.82303	90	0	94	FullDelay	0.323032	323032	1	9
9.82731	15	0	93	FullDelay	0.427312	427312	1	12
9.843	1	0	92	FullDelay	0.543	543000	1	17
9.85018	8	0	94	FullDelay	0.350184	350184	1	10
9.85168	10	0	92	FullDelay	0.55168	551680	1	17
9.85876	80	0	94	FullDelay	0.35876	358760	1	10
9.85992	9	0	95	FullDelay	0.25992	259920	1	9
9.86742	44	0	94	FullDelay	0.367416	367416	1	10
9.87304	22	0	93	FullDelay	0.47304	473040	1	14
9.87882	0	0	92	FullDelay	0.578816	578816	1	18
9.89453	25	0	94	FullDelay	0.394528	394528	1	11
9.90316	70	0	51	FullDelay	0.40316	403160	1	11
9.91877	11	0	93	FullDelay	0.518768	518768	1	16
9.92597	90	0	95	FullDelay	0.325968	325968	1	9
9.93025	15	0	94	FullDelay	0.430248	430248	1	12
9.94592	1	0	93	FullDelay	0.54592	545920	1	17
9.95312	8	0	95	FullDelay	0.35312	353120	1	10
9.95462	10	0	93	FullDelay	0.554616	554616	1	17
9.95992	9	0	96	FullDelay	0.25992	259920	1	9
9.9617	80	0	95	FullDelay	0.361696	361696	1	10
9.97035	44	0	95	FullDelay	0.370352	370352	1	10
9.97598	22	0	94	FullDelay	0.475976	475976	1	14
9.98175	0	0	93	FullDelay	0.581752	581752	1	18
9.99746	25	0	95	FullDelay	0.397464	397464	1	11
