Time	Node	AppId	SeqNo	Type	DelayS	DelayUS	RetxCount	HopCount
0.331168	46	0	1	FullDelay	0.231168	231168	1	8
0.35992	9	0	1	FullDelay	0.25992	259920	1	9
0.35992	90	0	1	FullDelay	0.25992	259920	1	9
0.3888	8	0	1	FullDelay	0.2888	288800	1	10
0.397376	80	0	1	FullDelay	0.297376	297376	1	10
0.406032	44	0	1	FullDelay	0.306032	306032	1	10
0.414616	35	0	1	FullDelay	0.314616	314616	1	10
0.441728	25	0	1	FullDelay	0.341728	341728	1	11
0.45036	70	0	1	FullDelay	0.35036	350360	1	11
0.458944	7	0	1	FullDelay	0.358944	358944	1	11
0.45992	9	0	2	FullDelay	0.25992	259920	1	9
0.486072	15	0	1	FullDelay	0.386072	386072	1	12
0.489	46	0	2	FullDelay	0.289	289000	1	8
0.494688	60	0	1	FullDelay	0.394688	394688	1	12
0.503272	33	0	1	FullDelay	0.403272	403272	1	12
0.511856	6	0	1	FullDelay	0.411856	411856	1	12
0.524672	90	0	2	FullDelay	0.324672	324672	1	9
0.551824	8	0	2	FullDelay	0.351824	351824	1	10
0.557528	22	0	1	FullDelay	0.457528	457528	1	14
0.55992	9	0	3	FullDelay	0.25992	259920	1	9
0.5604	80	0	2	FullDelay	0.3604	360400	1	10
0.569056	44	0	2	FullDelay	0.369056	369056	1	10
0.596168	25	0	2	FullDelay	0.396168	396168	1	11
0.603256	11	0	1	FullDelay	0.503256	503256	1	16
0.609104	46	0	3	FullDelay	0.309104	309104	1	8
0.611928	20	0	1	FullDelay	0.511928	511928	1	16
0.62332	15	0	2	FullDelay	0.42332	423320	1	12
0.63196	60	0	2	FullDelay	0.43196	431960	1	12
0.639072	1	0	1	FullDelay	0.539072	539072	1	17
0.644776	90	0	3	FullDelay	0.344776	344776	1	9
0.647672	10	0	1	FullDelay	0.547672	547672	1	17
0.65992	9	0	4	FullDelay	0.25992	259920	1	9
0.671928	8	0	3	FullDelay	0.371928	371928	1	10
0.677616	22	0	2	FullDelay	0.477616	477616	1	14
0.68332	0	0	1	FullDelay	0.58332	583320	1	18
0.69908	25	0	3	FullDelay	0.39908	399080	1	11
0.703464	46	0	4	FullDelay	0.303464	303464	1	8
0.723344	11	0	2	FullDelay	0.523344	523344	1	16
0.726232	15	0	3	FullDelay	0.426232	426232	1	12
0.732032	20	0	2	FullDelay	0.532032	532032	1	16
0.739136	90	0	4	FullDelay	0.339136	339136	1	9
0.759176	1	0	2	FullDelay	0.559176	559176	1	17
0.75992	9	0	5	FullDelay	0.25992	259920	1	9
0.766288	8	0	4	FullDelay	0.366288	366288	1	10
0.767776	10	0	2	FullDelay	0.567776	567776	1	17
0.77196	22	0	3	FullDelay	0.47196	471960	1	14
0.774864	80	0	4	FullDelay	0.374864	374864	1	10
0.802016	25	0	4	FullDelay	0.402016	402016	1	11
0.803424	0	0	2	FullDelay	0.603424	603424	1	18
0.8064	46	0	5	FullDelay	0.3064	306400	1	8
0.817688	11	0	3	FullDelay	0.517688	517688	1	16
0.826392	20	0	3	FullDelay	0.526392	526392	1	16
0.829168	15	0	4	FullDelay	0.429168	429168	1	12
0.842072	90	0	5	FullDelay	0.342072	342072	1	9
0.853536	1	0	3	FullDelay	0.553536	553536	1	17
0.85992	9	0	6	FullDelay	0.25992	259920	1	9
0.862136	10	0	3	FullDelay	0.562136	562136	1	17
0.869224	8	0	5	FullDelay	0.369224	369224	1	10
0.874896	22	0	4	FullDelay	0.474896	474896	1	14
0.896376	25	0	5	FullDelay	0.396376	396376	1	11
0.897784	0	0	3	FullDelay	0.597784	597784	1	18
0.909344	46	0	6	FullDelay	0.309344	309344	1	8
0.920624	11	0	4	FullDelay	0.520624	520624	1	16
0.923528	15	0	5	FullDelay	0.423528	423528	1	12
0.929328	20	0	4	FullDelay	0.529328	529328	1	16
0.9322	60	0	5	FullDelay	0.4322	432200	1	12
0.945016	90	0	6	FullDelay	0.345016	345016	1	9
0.956472	1	0	4	FullDelay	0.556472	556472	1	17
0.95992	9	0	0	FullDelay	0.95992	959920	2	9
0.965072	10	0	4	FullDelay	0.565072	565072	1	17
0.972168	8	0	6	FullDelay	0.372168	372168	1	10
0.977856	22	0	5	FullDelay	0.477856	477856	1	14
0.99932	25	0	6	FullDelay	0.39932	399320	1	11
1.00072	0	0	4	FullDelay	0.60072	600720	1	18
1.0037	46	0	0	FullDelay	1.0037	1.0037e+06	2	8
1.02358	11	0	5	FullDelay	0.523584	523584	1	16
1.02647	15	0	6	FullDelay	0.426472	426472	1	12
1.03227	20	0	5	FullDelay	0.532272	532272	1	16
1.03938	90	0	7	FullDelay	0.339376	339376	1	9
1.05942	1	0	5	FullDelay	0.559416	559416	1	17
1.05992	9	0	7	FullDelay	0.25992	259920	1	9
1.06653	8	0	7	FullDelay	0.366528	366528	1	10
1.06802	10	0	5	FullDelay	0.568016	568016	1	17
1.0722	22	0	6	FullDelay	0.4722	472200	1	14
1.07518	44	0	7	FullDelay	0.375184	375184	1	10
1.1023	25	0	7	FullDelay	0.402296	402296	1	11
1.10366	0	0	5	FullDelay	0.603664	603664	1	18
1.10665	46	0	7	FullDelay	0.306648	306648	1	8
1.11793	11	0	6	FullDelay	0.517928	517928	1	16
1.12663	20	0	6	FullDelay	0.526632	526632	1	16
1.12945	15	0	7	FullDelay	0.429448	429448	1	12
1.14232	90	0	0	FullDelay	1.14232	1.14232e+06	2	9
1.15378	1	0	6	FullDelay	0.553776	553776	1	17
1.15992	9	0	8	FullDelay	0.25992	259920	1	9
1.16238	10	0	6	FullDelay	0.562376	562376	1	17
1.16947	8	0	8	FullDelay	0.369472	369472	1	10
1.17518	22	0	7	FullDelay	0.475176	475176	1	14
1.19662	25	0	8	FullDelay	0.396624	396624	1	11
1.19802	0	0	6	FullDelay	0.598024	598024	1	18
1.20959	46	0	8	FullDelay	0.309592	309592	1	8
1.2209	11	0	7	FullDelay	0.520904	520904	1	16
1.22378	15	0	8	FullDelay	0.423776	423776	1	12
1.22958	20	0	7	FullDelay	0.529576	529576	1	16
1.23245	60	0	8	FullDelay	0.432448	432448	1	12
1.24526	90	0	8	FullDelay	0.345264	345264	1	9
1.25672	1	0	7	FullDelay	0.55672	556720	1	17
1.25992	9	0	9	FullDelay	0.25992	259920	1	9
1.26532	10	0	7	FullDelay	0.56532	565320	1	17
1.27242	8	0	0	FullDelay	1.27242	1.27242e+06	2	10
1.2781	22	0	8	FullDelay	0.478104	478104	1	14
1.29957	25	0	0	FullDelay	1.29957	1.29957e+06	2	11
1.30097	0	0	7	FullDelay	0.600968	600968	1	18
1.30395	46	0	9	FullDelay	0.303952	303952	1	8
1.32383	11	0	8	FullDelay	0.523832	523832	1	16
1.32672	15	0	0	FullDelay	1.32672	1.32672e+06	2	12
1.33252	20	0	8	FullDelay	0.53252	532520	1	16
1.33962	90	0	9	FullDelay	0.339624	339624	1	9
1.35966	1	0	8	FullDelay	0.559664	559664	1	17
1.35992	9	0	10	FullDelay	0.25992	259920	1	9
1.36678	8	0	9	FullDelay	0.366776	366776	1	10
1.36826	10	0	8	FullDelay	0.568264	568264	1	17
1.37245	22	0	9	FullDelay	0.472448	472448	1	14
1.37543	35	0	0	FullDelay	1.37543	1.37543e+06	2	10
1.40254	25	0	9	FullDelay	0.402544	402544	1	11
1.40391	0	0	8	FullDelay	0.603912	603912	1	18
1.4069	46	0	10	FullDelay	0.306896	306896	1	8
1.41818	11	0	9	FullDelay	0.518176	518176	1	16
1.42688	20	0	9	FullDelay	0.52688	526880	1	16
1.4297	15	0	9	FullDelay	0.429696	429696	1	12
1.44257	90	0	10	FullDelay	0.342568	342568	1	9
1.45402	1	0	9	FullDelay	0.554024	554024	1	17
1.45992	9	0	11	FullDelay	0.25992	259920	1	9
1.46262	10	0	9	FullDelay	0.562624	562624	1	17
1.46972	8	0	10	FullDelay	0.36972	369720	1	10
1.47542	22	0	0	FullDelay	1.47542	1.47542e+06	2	14
1.49687	25	0	10	FullDelay	0.396872	396872	1	11
1.49827	0	0	9	FullDelay	0.598272	598272	1	18
1.50984	46	0	11	FullDelay	0.30984	309840	1	8
1.52115	11	0	10	FullDelay	0.521152	521152	1	16
1.52402	15	0	10	FullDelay	0.424024	424024	1	12
1.52982	20	0	10	FullDelay	0.529824	529824	1	16
1.5327	60	0	10	FullDelay	0.432696	432696	1	12
1.54551	90	0	11	FullDelay	0.345512	345512	1	9
1.55697	1	0	10	FullDelay	0.556968	556968	1	17
1.55992	9	0	12	FullDelay	0.25992	259920	1	9
1.56557	10	0	10	FullDelay	0.565568	565568	1	17
1.57266	8	0	11	FullDelay	0.372664	372664	1	10
1.57835	22	0	10	FullDelay	0.478352	478352	1	14
1.59982	25	0	11	FullDelay	0.399816	399816	1	11
1.60122	0	0	10	FullDelay	0.601216	601216	1	18
1.6042	46	0	12	FullDelay	0.3042	304200	1	8
1.62408	11	0	0	FullDelay	1.62408	1.62408e+06	2	16
1.62697	15	0	11	FullDelay	0.426968	426968	1	12
1.63277	20	0	0	FullDelay	1.63277	1.63277e+06	2	16
1.63987	90	0	12	FullDelay	0.339872	339872	1	9
1.65991	1	0	0	FullDelay	1.65991	1.65991e+06	2	17
1.65992	9	0	13	FullDelay	0.25992	259920	1	9
1.66702	8	0	12	FullDelay	0.367024	367024	1	10
1.66851	10	0	0	FullDelay	1.66851	1.66851e+06	2	17
1.6727	22	0	11	FullDelay	0.472696	472696	1	14
1.69418	25	0	12	FullDelay	0.394176	394176	1	11
1.70284	70	0	12	FullDelay	0.40284	402840	1	11
1.70416	0	0	11	FullDelay	0.60416	604160	1	18
1.70714	46	0	13	FullDelay	0.307144	307144	1	8
1.71842	11	0	11	FullDelay	0.518424	518424	1	16
1.72713	20	0	11	FullDelay	0.527128	527128	1	16
1.72993	15	0	12	FullDelay	0.429928	429928	1	12
1.74282	90	0	13	FullDelay	0.342816	342816	1	9
1.75427	1	0	11	FullDelay	0.554272	554272	1	17
1.75992	9	0	14	FullDelay	0.25992	259920	1	9
1.76287	10	0	11	FullDelay	0.562872	562872	1	17
1.76997	8	0	13	FullDelay	0.369968	369968	1	10
1.77566	22	0	12	FullDelay	0.475656	475656	1	14
1.79712	25	0	13	FullDelay	0.39712	397120	1	11
1.79852	0	0	0	FullDelay	1.79852	1.79852e+06	2	18
1.81009	46	0	14	FullDelay	0.310088	310088	1	8
1.82138	11	0	12	FullDelay	0.521384	521384	1	16
1.82427	15	0	13	FullDelay	0.424272	424272	1	12
1.83007	20	0	12	FullDelay	0.530072	530072	1	16
1.83294	33	0	13	FullDelay	0.432944	432944	1	12
1.85722	1	0	12	FullDelay	0.557216	557216	1	17
1.85992	9	0	15	FullDelay	0.25992	259920	1	9
1.86436	8	0	14	FullDelay	0.36436	364360	1	10
1.86582	10	0	12	FullDelay	0.565816	565816	1	17
1.87292	80	0	14	FullDelay	0.37292	372920	1	10
1.87866	22	0	13	FullDelay	0.478664	478664	1	14
1.90007	25	0	14	FullDelay	0.400072	400072	1	11
1.90146	0	0	12	FullDelay	0.601464	601464	1	18
1.90445	46	0	15	FullDelay	0.304448	304448	1	8
1.92439	11	0	13	FullDelay	0.524392	524392	1	16
1.92722	15	0	14	FullDelay	0.427224	427224	1	12
1.93302	20	0	13	FullDelay	0.533016	533016	1	16
1.94012	90	0	15	FullDelay	0.34012	340120	1	9
1.95992	9	0	16	FullDelay	0.25992	259920	1	9
1.96016	1	0	13	FullDelay	0.56016	560160	1	17
1.96727	8	0	15	FullDelay	0.367272	367272	1	10
1.96876	10	0	13	FullDelay	0.56876	568760	1	17
1.97295	22	0	14	FullDelay	0.472952	472952	1	14
1.99442	25	0	15	FullDelay	0.394424	394424	1	11
2.00309	70	0	15	FullDelay	0.403088	403088	1	11
2.00441	0	0	13	FullDelay	0.604408	604408	1	18
2.00739	46	0	16	FullDelay	0.307392	307392	1	8
2.01868	11	0	14	FullDelay	0.51868	518680	1	16
2.02738	20	0	14	FullDelay	0.527376	527376	1	16
2.03018	15	0	15	FullDelay	0.430176	430176	1	12
2.04306	90	0	16	FullDelay	0.343064	343064	1	9
2.05452	1	0	14	FullDelay	0.55452	554520	1	17
2.05992	9	0	17	FullDelay	0.25992	259920	1	9
2.06312	10	0	14	FullDelay	0.56312	563120	1	17
2.07022	8	0	16	FullDelay	0.370216	370216	1	10
2.0759	22	0	15	FullDelay	0.475904	475904	1	14
2.09737	25	0	16	FullDelay	0.397368	397368	1	11
2.09877	0	0	14	FullDelay	0.598768	598768	1	18
2.11034	46	0	17	FullDelay	0.310336	310336	1	8
2.12163	11	0	15	FullDelay	0.521632	521632	1	16
2.12452	15	0	16	FullDelay	0.42452	424520	1	12
2.13032	20	0	15	FullDelay	0.53032	530320	1	16
2.13319	6	0	16	FullDelay	0.433192	433192	1	12
2.15746	1	0	15	FullDelay	0.557464	557464	1	17
2.15992	9	0	18	FullDelay	0.25992	259920	1	9
2.16461	8	0	17	FullDelay	0.364608	364608	1	10
2.16606	10	0	15	FullDelay	0.566064	566064	1	17
2.17317	80	0	17	FullDelay	0.373168	373168	1	10
2.17886	22	0	16	FullDelay	0.478864	478864	1	14
2.20032	25	0	17	FullDelay	0.40032	400320	1	11
2.20171	0	0	15	FullDelay	0.601712	601712	1	18
2.2047	46	0	18	FullDelay	0.304696	304696	1	8
2.22459	11	0	16	FullDelay	0.524592	524592	1	16
2.22747	15	0	17	FullDelay	0.427472	427472	1	12
2.23326	20	0	16	FullDelay	0.533264	533264	1	16
2.24037	90	0	18	FullDelay	0.340368	340368	1	9
2.25992	9	0	19	FullDelay	0.25992	259920	1	9
2.26041	1	0	16	FullDelay	0.560408	560408	1	17
2.26752	8	0	18	FullDelay	0.36752	367520	1	10
2.26901	10	0	16	FullDelay	0.569008	569008	1	17
2.2732	22	0	17	FullDelay	0.4732	473200	1	14
2.29467	25	0	18	FullDelay	0.394672	394672	1	11
2.30334	70	0	3	FullDelay	2.00334	2.00334e+06	2	11
2.30466	0	0	16	FullDelay	0.604656	604656	1	18
2.30764	46	0	19	FullDelay	0.30764	307640	1	8
2.31893	11	0	17	FullDelay	0.518928	518928	1	16
2.32762	20	0	17	FullDelay	0.527624	527624	1	16
2.33042	15	0	18	FullDelay	0.430424	430424	1	12
2.34331	90	0	14	FullDelay	0.843312	843312	2	9
2.35477	1	0	17	FullDelay	0.554768	554768	1	17
2.35992	9	0	20	FullDelay	0.25992	259920	1	9
2.36337	10	0	17	FullDelay	0.563368	563368	1	17
2.37046	8	0	19	FullDelay	0.370464	370464	1	10
2.37615	22	0	18	FullDelay	0.476152	476152	1	14
2.39762	25	0	19	FullDelay	0.397616	397616	1	11
2.39902	0	0	17	FullDelay	0.599016	599016	1	18
2.402	46	0	20	FullDelay	0.302	302000	1	8
2.42188	11	0	18	FullDelay	0.52188	521880	1	16
2.42477	15	0	19	FullDelay	0.424768	424768	1	12
2.43057	20	0	18	FullDelay	0.530568	530568	1	16
2.43767	90	0	19	FullDelay	0.337672	337672	1	9
2.45771	1	0	18	FullDelay	0.557712	557712	1	17
2.45992	9	0	21	FullDelay	0.25992	259920	1	9
2.46482	8	0	20	FullDelay	0.364824	364824	1	10
2.46631	10	0	18	FullDelay	0.566312	566312	1	17
2.4705	22	0	19	FullDelay	0.470496	470496	1	14
2.4734	80	0	5	FullDelay	1.9734	1.9734e+06	2	10
2.50055	25	0	20	FullDelay	0.400552	400552	1	11
2.50196	0	0	18	FullDelay	0.60196	601960	1	18
2.50494	46	0	21	FullDelay	0.304936	304936	1	8
2.51622	11	0	19	FullDelay	0.516224	516224	1	16
2.52493	20	0	19	FullDelay	0.524928	524928	1	16
2.5277	15	0	20	FullDelay	0.427704	427704	1	12
2.54061	90	0	20	FullDelay	0.340608	340608	1	9
2.55207	1	0	19	FullDelay	0.552072	552072	1	17
2.55992	9	0	22	FullDelay	0.25992	259920	1	9
2.56067	10	0	19	FullDelay	0.560672	560672	1	17
2.56776	8	0	21	FullDelay	0.36776	367760	1	10
2.57343	22	0	20	FullDelay	0.473432	473432	1	14
2.59491	25	0	21	FullDelay	0.394912	394912	1	11
2.59632	0	0	19	FullDelay	0.59632	596320	1	18
2.60358	70	0	5	FullDelay	2.10358	2.10358e+06	2	11
2.60788	46	0	22	FullDelay	0.30788	307880	1	8
2.61916	11	0	20	FullDelay	0.51916	519160	1	16
2.62786	20	0	20	FullDelay	0.527864	527864	1	16
2.63066	15	0	21	FullDelay	0.430664	430664	1	12
2.64355	90	0	17	FullDelay	0.843552	843552	2	9
2.65501	1	0	20	FullDelay	0.555008	555008	1	17
2.65992	9	0	23	FullDelay	0.25992	259920	1	9
2.66361	10	0	20	FullDelay	0.563608	563608	1	17
2.6707	8	0	22	FullDelay	0.370704	370704	1	10
2.67639	22	0	21	FullDelay	0.476392	476392	1	14
2.69786	25	0	22	FullDelay	0.397856	397856	1	11
2.69926	0	0	20	FullDelay	0.599256	599256	1	18
2.70224	46	0	23	FullDelay	0.30224	302240	1	8
2.72212	11	0	21	FullDelay	0.52212	522120	1	16
2.72501	15	0	22	FullDelay	0.425008	425008	1	12
2.73081	20	0	21	FullDelay	0.530808	530808	1	16
2.73791	90	0	21	FullDelay	0.337912	337912	1	9
2.75795	1	0	21	FullDelay	0.557952	557952	1	17
2.75992	9	0	24	FullDelay	0.25992	259920	1	9
2.76506	8	0	23	FullDelay	0.365064	365064	1	10
2.76655	10	0	21	FullDelay	0.566552	566552	1	17
2.77074	22	0	22	FullDelay	0.470736	470736	1	14
2.77364	80	0	8	FullDelay	1.97364	1.97364e+06	2	10
2.80079	25	0	23	FullDelay	0.400792	400792	1	11
2.8022	0	0	21	FullDelay	0.6022	602200	1	18
2.80518	46	0	24	FullDelay	0.305176	305176	1	8
2.81646	11	0	22	FullDelay	0.516464	516464	1	16
2.82517	20	0	22	FullDelay	0.525168	525168	1	16
2.82794	15	0	23	FullDelay	0.427944	427944	1	12
2.84085	90	0	22	FullDelay	0.340848	340848	1	9
2.85231	1	0	22	FullDelay	0.552312	552312	1	17
2.85992	9	0	25	FullDelay	0.25992	259920	1	9
2.86091	10	0	22	FullDelay	0.560912	560912	1	17
2.868	8	0	24	FullDelay	0.368	368000	1	10
2.87367	22	0	23	FullDelay	0.473672	473672	1	14
2.89515	25	0	24	FullDelay	0.395152	395152	1	11
2.89656	0	0	22	FullDelay	0.59656	596560	1	18
2.90382	70	0	8	FullDelay	2.10382	2.10382e+06	2	11
2.90812	46	0	25	FullDelay	0.30812	308120	1	8
2.9194	11	0	23	FullDelay	0.5194	519400	1	16
2.9281	20	0	23	FullDelay	0.528104	528104	1	16
2.9309	15	0	24	FullDelay	0.430904	430904	1	12
2.94379	90	0	23	FullDelay	0.343792	343792	1	9
2.95525	1	0	23	FullDelay	0.555248	555248	1	17
2.95992	9	0	26	FullDelay	0.25992	259920	1	9
2.96385	10	0	23	FullDelay	0.563848	563848	1	17
2.97094	8	0	25	FullDelay	0.370944	370944	1	10
2.97663	22	0	24	FullDelay	0.476632	476632	1	14
2.9981	25	0	25	FullDelay	0.398096	398096	1	11
2.9995	0	0	23	FullDelay	0.599496	599496	1	18
3.00248	46	0	26	FullDelay	0.30248	302480	1	8
3.02236	11	0	24	FullDelay	0.52236	522360	1	16
3.02525	15	0	25	FullDelay	0.425248	425248	1	12
3.03105	20	0	24	FullDelay	0.531048	531048	1	16
3.03815	90	0	24	FullDelay	0.338152	338152	1	9
3.05819	1	0	24	FullDelay	0.558192	558192	1	17
3.05992	9	0	27	FullDelay	0.25992	259920	1	9
3.0653	8	0	26	FullDelay	0.365304	365304	1	10
3.06679	10	0	24	FullDelay	0.566792	566792	1	17
3.07098	22	0	25	FullDelay	0.470976	470976	1	14
3.07388	80	0	11	FullDelay	1.87388	1.87388e+06	2	10
3.10103	25	0	26	FullDelay	0.401032	401032	1	11
3.10244	0	0	24	FullDelay	0.60244	602440	1	18
3.10542	46	0	27	FullDelay	0.305416	305416	1	8
3.1167	11	0	25	FullDelay	0.516704	516704	1	16
3.12541	20	0	25	FullDelay	0.525408	525408	1	16
3.12818	15	0	26	FullDelay	0.428184	428184	1	12
3.14109	90	0	25	FullDelay	0.341088	341088	1	9
3.15255	1	0	25	FullDelay	0.552552	552552	1	17
3.15992	9	0	28	FullDelay	0.25992	259920	1	9
3.16115	10	0	25	FullDelay	0.561152	561152	1	17
3.16824	8	0	27	FullDelay	0.36824	368240	1	10
3.17391	22	0	26	FullDelay	0.473912	473912	1	14
3.19539	25	0	27	FullDelay	0.395392	395392	1	11
3.1968	0	0	25	FullDelay	0.5968	596800	1	18
3.20406	7	0	26	FullDelay	0.404056	404056	1	11
3.20836	46	0	28	FullDelay	0.30836	308360	1	8
3.21964	11	0	26	FullDelay	0.51964	519640	1	16
3.22834	20	0	26	FullDelay	0.528344	528344	1	16
3.23118	15	0	27	FullDelay	0.431184	431184	1	12
3.24403	90	0	26	FullDelay	0.344032	344032	1	9
3.25549	1	0	26	FullDelay	0.555488	555488	1	17
3.25992	9	0	29	FullDelay	0.25992	259920	1	9
3.26409	10	0	26	FullDelay	0.564088	564088	1	17
3.27118	8	0	28	FullDelay	0.371184	371184	1	10
3.27689	22	0	27	FullDelay	0.476888	476888	1	14
3.29834	25	0	28	FullDelay	0.398336	398336	1	11
3.29974	0	0	26	FullDelay	0.599736	599736	1	18
3.30272	46	0	29	FullDelay	0.30272	302720	1	8
3.32262	11	0	27	FullDelay	0.522616	522616	1	16
3.32549	15	0	28	FullDelay	0.425488	425488	1	12
3.33129	20	0	27	FullDelay	0.531288	531288	1	16
3.33839	90	0	27	FullDelay	0.338392	338392	1	9
3.35843	1	0	27	FullDelay	0.558432	558432	1	17
3.35992	9	0	30	FullDelay	0.25992	259920	1	9
3.36554	8	0	29	FullDelay	0.365544	365544	1	10
3.36703	10	0	27	FullDelay	0.567032	567032	1	17
3.37122	22	0	28	FullDelay	0.471216	471216	1	14
3.37412	80	0	18	FullDelay	0.37412	374120	1	10
3.40127	25	0	29	FullDelay	0.401272	401272	1	11
3.40268	0	0	27	FullDelay	0.60268	602680	1	18
3.40566	46	0	30	FullDelay	0.305656	305656	1	8
3.41694	11	0	28	FullDelay	0.516944	516944	1	16
3.42565	20	0	28	FullDelay	0.525648	525648	1	16
3.42842	15	0	29	FullDelay	0.428424	428424	1	12
3.44133	90	0	28	FullDelay	0.341328	341328	1	9
3.45279	1	0	28	FullDelay	0.552792	552792	1	17
3.45992	9	0	31	FullDelay	0.25992	259920	1	9
3.46139	10	0	28	FullDelay	0.561392	561392	1	17
3.46848	8	0	30	FullDelay	0.36848	368480	1	10
3.47415	22	0	29	FullDelay	0.474152	474152	1	14
3.49563	25	0	30	FullDelay	0.395632	395632	1	11
3.49704	0	0	28	FullDelay	0.59704	597040	1	18
3.5086	46	0	31	FullDelay	0.3086	308600	1	8
3.51988	11	0	29	FullDelay	0.51988	519880	1	16
3.52278	15	0	30	FullDelay	0.422784	422784	1	12
3.52858	20	0	29	FullDelay	0.528584	528584	1	16
3.53146	60	0	26	FullDelay	0.431456	431456	1	12
3.54427	90	0	29	FullDelay	0.344272	344272	1	9
3.55573	1	0	29	FullDelay	0.555728	555728	1	17
3.55992	9	0	32	FullDelay	0.25992	259920	1	9
3.56433	10	0	29	FullDelay	0.564328	564328	1	17
3.57142	8	0	31	FullDelay	0.371424	371424	1	10
3.57711	22	0	30	FullDelay	0.477112	477112	1	14
3.59858	25	0	31	FullDelay	0.398576	398576	1	11
3.59998	0	0	29	FullDelay	0.599976	599976	1	18
3.60296	46	0	32	FullDelay	0.30296	302960	1	8
3.62284	11	0	30	FullDelay	0.52284	522840	1	16
3.62573	15	0	31	FullDelay	0.425728	425728	1	12
3.63153	20	0	30	FullDelay	0.531528	531528	1	16
3.63863	90	0	30	FullDelay	0.338632	338632	1	9
3.65867	1	0	30	FullDelay	0.558672	558672	1	17
3.65992	9	0	33	FullDelay	0.25992	259920	1	9
3.66578	8	0	32	FullDelay	0.365784	365784	1	10
3.66727	10	0	30	FullDelay	0.567272	567272	1	17
3.67146	22	0	31	FullDelay	0.471456	471456	1	14
3.67436	80	0	21	FullDelay	0.37436	374360	1	10
3.70151	25	0	32	FullDelay	0.401512	401512	1	11
3.70292	0	0	30	FullDelay	0.60292	602920	1	18
3.7059	46	0	33	FullDelay	0.305896	305896	1	8
3.71718	11	0	31	FullDelay	0.517184	517184	1	16
3.72589	20	0	31	FullDelay	0.525888	525888	1	16
3.72866	15	0	32	FullDelay	0.428664	428664	1	12
3.74157	90	0	31	FullDelay	0.341568	341568	1	9
3.75303	1	0	31	FullDelay	0.553032	553032	1	17
3.75992	9	0	34	FullDelay	0.25992	259920	1	9
3.76163	10	0	31	FullDelay	0.561632	561632	1	17
3.76872	8	0	33	FullDelay	0.36872	368720	1	10
3.77439	22	0	32	FullDelay	0.474392	474392	1	14
3.79587	25	0	33	FullDelay	0.395872	395872	1	11
3.79728	0	0	31	FullDelay	0.59728	597280	1	18
3.80884	46	0	34	FullDelay	0.30884	308840	1	8
3.82012	11	0	32	FullDelay	0.52012	520120	1	16
3.82302	15	0	33	FullDelay	0.423024	423024	1	12
3.82882	20	0	32	FullDelay	0.528824	528824	1	16
3.8317	60	0	29	FullDelay	0.431696	431696	1	12
3.84451	90	0	32	FullDelay	0.344512	344512	1	9
3.85597	1	0	32	FullDelay	0.555968	555968	1	17
3.85992	9	0	35	FullDelay	0.25992	259920	1	9
3.86457	10	0	32	FullDelay	0.564568	564568	1	17
3.87166	8	0	34	FullDelay	0.371664	371664	1	10
3.87735	22	0	33	FullDelay	0.477352	477352	1	14
3.89882	25	0	34	FullDelay	0.398816	398816	1	11
3.90022	0	0	32	FullDelay	0.600216	600216	1	18
3.9032	46	0	35	FullDelay	0.3032	303200	1	8
3.92308	11	0	33	FullDelay	0.52308	523080	1	16
3.92597	15	0	34	FullDelay	0.425968	425968	1	12
3.93177	20	0	33	FullDelay	0.531768	531768	1	16
3.93887	90	0	33	FullDelay	0.338872	338872	1	9
3.95891	1	0	33	FullDelay	0.558912	558912	1	17
3.95992	9	0	36	FullDelay	0.25992	259920	1	9
3.96602	8	0	35	FullDelay	0.366024	366024	1	10
3.96751	10	0	33	FullDelay	0.567512	567512	1	17
3.9717	22	0	34	FullDelay	0.471696	471696	1	14
3.9746	80	0	3	FullDelay	3.6746	3.6746e+06	3	10
4.00175	25	0	35	FullDelay	0.401752	401752	1	11
4.00316	0	0	33	FullDelay	0.60316	603160	1	18
4.00614	46	0	36	FullDelay	0.306136	306136	1	8
4.01742	11	0	34	FullDelay	0.517424	517424	1	16
4.02613	20	0	34	FullDelay	0.526128	526128	1	16
4.0289	15	0	35	FullDelay	0.428904	428904	1	12
4.04181	90	0	34	FullDelay	0.341808	341808	1	9
4.05327	1	0	34	FullDelay	0.553272	553272	1	17
4.05992	9	0	37	FullDelay	0.25992	259920	1	9
4.06187	10	0	34	FullDelay	0.561872	561872	1	17
4.06896	8	0	36	FullDelay	0.36896	368960	1	10
4.07463	22	0	35	FullDelay	0.474632	474632	1	14
4.09611	25	0	36	FullDelay	0.396112	396112	1	11
4.09752	0	0	34	FullDelay	0.59752	597520	1	18
4.10908	46	0	37	FullDelay	0.30908	309080	1	8
4.12036	11	0	35	FullDelay	0.52036	520360	1	16
4.12326	15	0	36	FullDelay	0.423264	423264	1	12
4.12906	20	0	35	FullDelay	0.529064	529064	1	16
4.13194	60	0	3	FullDelay	3.83194	3.83194e+06	3	12
4.14475	90	0	35	FullDelay	0.344752	344752	1	9
4.15621	1	0	35	FullDelay	0.556208	556208	1	17
4.15992	9	0	38	FullDelay	0.25992	259920	1	9
4.16481	10	0	35	FullDelay	0.564808	564808	1	17
4.1719	8	0	37	FullDelay	0.371904	371904	1	10
4.17759	22	0	36	FullDelay	0.477592	477592	1	14
4.19906	25	0	37	FullDelay	0.399056	399056	1	11
4.20046	0	0	35	FullDelay	0.600456	600456	1	18
4.20344	46	0	38	FullDelay	0.30344	303440	1	8
4.22332	11	0	36	FullDelay	0.52332	523320	1	16
4.22621	15	0	37	FullDelay	0.426208	426208	1	12
4.23201	20	0	36	FullDelay	0.532008	532008	1	16
4.23911	90	0	36	FullDelay	0.339112	339112	1	9
4.25915	1	0	36	FullDelay	0.559152	559152	1	17
4.25992	9	0	39	FullDelay	0.25992	259920	1	9
4.26626	8	0	38	FullDelay	0.366264	366264	1	10
4.26775	10	0	36	FullDelay	0.567752	567752	1	17
4.27194	22	0	37	FullDelay	0.471936	471936	1	14
4.27484	80	0	9	FullDelay	3.27484	3.27484e+06	3	10
4.30199	25	0	38	FullDelay	0.401992	401992	1	11
4.3034	0	0	36	FullDelay	0.6034	603400	1	18
4.30638	46	0	39	FullDelay	0.306376	306376	1	8
4.31766	11	0	37	FullDelay	0.517664	517664	1	16
4.32637	20	0	37	FullDelay	0.526368	526368	1	16
4.32914	15	0	38	FullDelay	0.429144	429144	1	12
4.34205	90	0	37	FullDelay	0.342048	342048	1	9
4.35351	1	0	37	FullDelay	0.553512	553512	1	17
4.35992	9	0	40	FullDelay	0.25992	259920	1	9
4.36211	10	0	37	FullDelay	0.562112	562112	1	17
4.3692	8	0	39	FullDelay	0.3692	369200	1	10
4.37487	22	0	38	FullDelay	0.474872	474872	1	14
4.39635	25	0	39	FullDelay	0.396352	396352	1	11
4.39776	0	0	37	FullDelay	0.59776	597760	1	18
4.40932	46	0	40	FullDelay	0.30932	309320	1	8
4.4206	11	0	38	FullDelay	0.5206	520600	1	16
4.4235	15	0	39	FullDelay	0.423504	423504	1	12
4.4293	20	0	38	FullDelay	0.529304	529304	1	16
4.43218	60	0	7	FullDelay	3.73218	3.73218e+06	3	12
4.44499	90	0	38	FullDelay	0.344992	344992	1	9
4.45645	1	0	38	FullDelay	0.556448	556448	1	17
4.45992	9	0	41	FullDelay	0.25992	259920	1	9
4.46505	10	0	38	FullDelay	0.565048	565048	1	17
4.47214	8	0	40	FullDelay	0.372144	372144	1	10
4.47783	22	0	39	FullDelay	0.477832	477832	1	14
4.4993	25	0	40	FullDelay	0.399296	399296	1	11
4.5007	0	0	38	FullDelay	0.600696	600696	1	18
4.50368	46	0	41	FullDelay	0.30368	303680	1	8
4.52356	11	0	39	FullDelay	0.52356	523560	1	16
4.52645	15	0	40	FullDelay	0.426448	426448	1	12
4.53225	20	0	39	FullDelay	0.532248	532248	1	16
4.53935	90	0	39	FullDelay	0.339352	339352	1	9
4.55939	1	0	39	FullDelay	0.559392	559392	1	17
4.55992	9	0	42	FullDelay	0.25992	259920	1	9
4.5665	8	0	41	FullDelay	0.366504	366504	1	10
4.56799	10	0	39	FullDelay	0.567992	567992	1	17
4.57218	22	0	40	FullDelay	0.472176	472176	1	14
4.57516	44	0	38	FullDelay	0.37516	375160	1	10
4.60227	25	0	41	FullDelay	0.402272	402272	1	11
4.60364	0	0	39	FullDelay	0.60364	603640	1	18
4.60662	46	0	42	FullDelay	0.306624	306624	1	8
4.6179	11	0	40	FullDelay	0.517904	517904	1	16
4.62661	20	0	40	FullDelay	0.526608	526608	1	16
4.62942	15	0	41	FullDelay	0.429424	429424	1	12
4.6423	90	0	40	FullDelay	0.342296	342296	1	9
4.65375	1	0	40	FullDelay	0.553752	553752	1	17
4.65992	9	0	43	FullDelay	0.25992	259920	1	9
4.66235	10	0	40	FullDelay	0.562352	562352	1	17
4.66945	8	0	42	FullDelay	0.369448	369448	1	10
4.67515	22	0	41	FullDelay	0.475152	475152	1	14
4.6966	25	0	42	FullDelay	0.3966	396600	1	11
4.698	0	0	40	FullDelay	0.598	598000	1	18
4.70957	46	0	43	FullDelay	0.309568	309568	1	8
4.72088	11	0	41	FullDelay	0.52088	520880	1	16
4.72375	15	0	42	FullDelay	0.423752	423752	1	12
4.72955	20	0	41	FullDelay	0.529552	529552	1	16
4.73242	60	0	12	FullDelay	3.23242	3.23242e+06	2	12
4.74524	90	0	41	FullDelay	0.34524	345240	1	9
4.7567	1	0	41	FullDelay	0.556696	556696	1	17
4.75992	9	0	44	FullDelay	0.25992	259920	1	9
4.7653	10	0	41	FullDelay	0.565296	565296	1	17
4.77239	8	0	43	FullDelay	0.372392	372392	1	10
4.77808	22	0	42	FullDelay	0.47808	478080	1	14
4.79954	25	0	43	FullDelay	0.399544	399544	1	11
4.80094	0	0	41	FullDelay	0.600944	600944	1	18
4.80393	46	0	44	FullDelay	0.303928	303928	1	8
4.82381	11	0	42	FullDelay	0.523808	523808	1	16
4.8267	15	0	43	FullDelay	0.426696	426696	1	12
4.8325	20	0	42	FullDelay	0.532496	532496	1	16
4.8396	90	0	42	FullDelay	0.3396	339600	1	9
4.85964	1	0	42	FullDelay	0.55964	559640	1	17
4.85992	9	0	45	FullDelay	0.25992	259920	1	9
4.86675	8	0	44	FullDelay	0.366752	366752	1	10
4.86824	10	0	42	FullDelay	0.56824	568240	1	17
4.87242	22	0	43	FullDelay	0.472424	472424	1	14
4.87541	35	0	42	FullDelay	0.375408	375408	1	10
4.90252	25	0	44	FullDelay	0.40252	402520	1	11
4.90389	0	0	42	FullDelay	0.603888	603888	1	18
4.90687	46	0	45	FullDelay	0.306872	306872	1	8
4.91815	11	0	43	FullDelay	0.518152	518152	1	16
4.92686	20	0	43	FullDelay	0.526856	526856	1	16
4.92967	15	0	44	FullDelay	0.429672	429672	1	12
4.94254	90	0	43	FullDelay	0.342544	342544	1	9
4.954	1	0	43	FullDelay	0.554	554000	1	17
4.95992	9	0	46	FullDelay	0.25992	259920	1	9
4.9626	10	0	43	FullDelay	0.5626	562600	1	17
4.9697	8	0	45	FullDelay	0.369696	369696	1	10
4.9754	22	0	44	FullDelay	0.4754	475400	1	14
4.99685	25	0	45	FullDelay	0.396848	396848	1	11
4.99825	0	0	43	FullDelay	0.598248	598248	1	18
5.00982	46	0	46	FullDelay	0.309816	309816	1	8
5.02113	11	0	44	FullDelay	0.521128	521128	1	16
5.024	15	0	45	FullDelay	0.424	424000	1	12
5.0298	20	0	44	FullDelay	0.5298	529800	1	16
5.03267	60	0	15	FullDelay	3.03267	3.03267e+06	2	12
5.04549	90	0	44	FullDelay	0.345488	345488	1	9
5.05694	1	0	44	FullDelay	0.556944	556944	1	17
5.05992	9	0	47	FullDelay	0.25992	259920	1	9
5.06554	10	0	44	FullDelay	0.565544	565544	1	17
5.07264	8	0	46	FullDelay	0.37264	372640	1	10
5.07833	22	0	45	FullDelay	0.478328	478328	1	14
5.09979	25	0	46	FullDelay	0.399792	399792	1	11
5.10119	0	0	44	FullDelay	0.601192	601192	1	18
5.10418	46	0	47	FullDelay	0.304176	304176	1	8
5.12406	11	0	45	FullDelay	0.524056	524056	1	16
5.12694	15	0	46	FullDelay	0.426944	426944	1	12
5.13274	20	0	45	FullDelay	0.532744	532744	1	16
5.13985	90	0	45	FullDelay	0.339848	339848	1	9
5.15989	1	0	45	FullDelay	0.559888	559888	1	17
5.15992	9	0	48	FullDelay	0.25992	259920	1	9
5.167	8	0	47	FullDelay	0.367	367000	1	10
5.16849	10	0	45	FullDelay	0.568488	568488	1	17
5.17267	22	0	46	FullDelay	0.472672	472672	1	14
5.19415	25	0	47	FullDelay	0.394152	394152	1	11
5.20282	70	0	36	FullDelay	0.402816	402816	1	11
5.20414	0	0	45	FullDelay	0.604136	604136	1	18
5.20712	46	0	48	FullDelay	0.30712	307120	1	8
5.2184	11	0	46	FullDelay	0.5184	518400	1	16
5.2271	20	0	46	FullDelay	0.527104	527104	1	16
5.2299	15	0	47	FullDelay	0.429904	429904	1	12
5.24279	90	0	46	FullDelay	0.342792	342792	1	9
5.25425	1	0	46	FullDelay	0.554248	554248	1	17
5.25992	9	0	49	FullDelay	0.25992	259920	1	9
5.26285	10	0	46	FullDelay	0.562848	562848	1	17
5.26994	8	0	48	FullDelay	0.369944	369944	1	10
5.27563	22	0	47	FullDelay	0.475632	475632	1	14
5.2971	25	0	48	FullDelay	0.397096	397096	1	11
5.2985	0	0	46	FullDelay	0.598496	598496	1	18
5.31006	46	0	49	FullDelay	0.310064	310064	1	8
5.32136	11	0	47	FullDelay	0.52136	521360	1	16
5.32425	15	0	48	FullDelay	0.424248	424248	1	12
5.33005	20	0	47	FullDelay	0.530048	530048	1	16
5.33292	33	0	41	FullDelay	0.43292	432920	1	12
5.35719	1	0	47	FullDelay	0.557192	557192	1	17
5.35992	9	0	50	FullDelay	0.25992	259920	1	9
5.36434	8	0	49	FullDelay	0.364336	364336	1	10
5.36579	10	0	47	FullDelay	0.565792	565792	1	17
5.3729	80	0	28	FullDelay	0.372896	372896	1	10
5.37864	22	0	48	FullDelay	0.47864	478640	1	14
5.40005	25	0	49	FullDelay	0.400048	400048	1	11
5.40144	0	0	47	FullDelay	0.60144	601440	1	18
5.40442	46	0	50	FullDelay	0.304424	304424	1	8
5.42437	11	0	48	FullDelay	0.524368	524368	1	16
5.4272	15	0	49	FullDelay	0.4272	427200	1	12
5.43299	20	0	48	FullDelay	0.532992	532992	1	16
5.4401	90	0	48	FullDelay	0.340096	340096	1	9
5.45992	9	0	51	FullDelay	0.25992	259920	1	9
5.46014	1	0	48	FullDelay	0.560136	560136	1	17
5.46725	8	0	50	FullDelay	0.367248	367248	1	10
5.46874	10	0	48	FullDelay	0.568736	568736	1	17
5.47293	22	0	49	FullDelay	0.472928	472928	1	14
5.4944	25	0	50	FullDelay	0.3944	394400	1	11
5.50306	70	0	39	FullDelay	0.403064	403064	1	11
5.50438	0	0	48	FullDelay	0.604384	604384	1	18
5.50737	46	0	51	FullDelay	0.307368	307368	1	8
5.51866	11	0	49	FullDelay	0.518656	518656	1	16
5.52735	20	0	49	FullDelay	0.527352	527352	1	16
5.53015	15	0	50	FullDelay	0.430152	430152	1	12
5.54304	90	0	49	FullDelay	0.34304	343040	1	9
5.5545	1	0	49	FullDelay	0.554496	554496	1	17
5.55992	9	0	52	FullDelay	0.25992	259920	1	9
5.5631	10	0	49	FullDelay	0.563096	563096	1	17
5.57019	8	0	51	FullDelay	0.370192	370192	1	10
5.57588	22	0	50	FullDelay	0.47588	475880	1	14
5.59734	25	0	51	FullDelay	0.397344	397344	1	11
5.59874	0	0	49	FullDelay	0.598744	598744	1	18
5.61031	46	0	52	FullDelay	0.310312	310312	1	8
5.62161	11	0	50	FullDelay	0.521608	521608	1	16
5.6245	15	0	51	FullDelay	0.424496	424496	1	12
5.6303	20	0	50	FullDelay	0.530296	530296	1	16
5.63317	6	0	42	FullDelay	0.433168	433168	1	12
5.65744	1	0	50	FullDelay	0.55744	557440	1	17
5.65992	9	0	53	FullDelay	0.25992	259920	1	9
5.66458	8	0	52	FullDelay	0.364584	364584	1	10
5.66604	10	0	50	FullDelay	0.56604	566040	1	17
5.67314	80	0	31	FullDelay	0.373144	373144	1	10
5.67884	22	0	51	FullDelay	0.47884	478840	1	14
5.7003	25	0	52	FullDelay	0.400296	400296	1	11
5.70169	0	0	50	FullDelay	0.601688	601688	1	18
5.70467	46	0	53	FullDelay	0.304672	304672	1	8
5.72457	11	0	51	FullDelay	0.524568	524568	1	16
5.72745	15	0	52	FullDelay	0.427448	427448	1	12
5.73324	20	0	51	FullDelay	0.53324	533240	1	16
5.74034	90	0	51	FullDelay	0.340344	340344	1	9
5.75992	9	0	54	FullDelay	0.25992	259920	1	9
5.76038	1	0	51	FullDelay	0.560384	560384	1	17
5.7675	8	0	53	FullDelay	0.367496	367496	1	10
5.76898	10	0	51	FullDelay	0.568984	568984	1	17
5.77318	22	0	52	FullDelay	0.473176	473176	1	14
5.79465	25	0	53	FullDelay	0.394648	394648	1	11
5.80331	70	0	2	FullDelay	5.60331	5.60331e+06	3	11
5.80463	0	0	51	FullDelay	0.604632	604632	1	18
5.80762	46	0	54	FullDelay	0.307616	307616	1	8
5.8189	11	0	52	FullDelay	0.518904	518904	1	16
5.8276	20	0	52	FullDelay	0.5276	527600	1	16
5.8304	15	0	53	FullDelay	0.4304	430400	1	12
5.84329	90	0	47	FullDelay	0.843288	843288	2	9
5.85474	1	0	52	FullDelay	0.554744	554744	1	17
5.85992	9	0	55	FullDelay	0.25992	259920	1	9
5.86334	10	0	52	FullDelay	0.563344	563344	1	17
5.87044	8	0	54	FullDelay	0.37044	370440	1	10
5.87613	22	0	53	FullDelay	0.476128	476128	1	14
5.89759	25	0	54	FullDelay	0.397592	397592	1	11
5.89899	0	0	52	FullDelay	0.598992	598992	1	18
5.90198	46	0	55	FullDelay	0.301976	301976	1	8
5.92186	11	0	53	FullDelay	0.521856	521856	1	16
5.92474	15	0	54	FullDelay	0.424744	424744	1	12
5.93054	20	0	53	FullDelay	0.530544	530544	1	16
5.93765	90	0	52	FullDelay	0.337648	337648	1	9
5.95769	1	0	53	FullDelay	0.557688	557688	1	17
5.95992	9	0	56	FullDelay	0.25992	259920	1	9
5.9648	8	0	55	FullDelay	0.3648	364800	1	10
5.96629	10	0	53	FullDelay	0.566288	566288	1	17
5.97047	22	0	54	FullDelay	0.470472	470472	1	14
5.97338	80	0	6	FullDelay	5.37338	5.37338e+06	4	10
6.00053	25	0	55	FullDelay	0.400528	400528	1	11
6.00194	0	0	53	FullDelay	0.601936	601936	1	18
6.00491	46	0	56	FullDelay	0.304912	304912	1	8
6.0162	11	0	54	FullDelay	0.5162	516200	1	16
6.0249	20	0	54	FullDelay	0.524904	524904	1	16
6.02768	15	0	55	FullDelay	0.42768	427680	1	12
6.04058	90	0	50	FullDelay	0.740584	740584	2	9
6.05205	1	0	54	FullDelay	0.552048	552048	1	17
6.05992	9	0	57	FullDelay	0.25992	259920	1	9
6.06065	10	0	54	FullDelay	0.560648	560648	1	17
6.06774	8	0	56	FullDelay	0.367736	367736	1	10
6.07341	22	0	55	FullDelay	0.473408	473408	1	14
6.09489	25	0	56	FullDelay	0.394888	394888	1	11
6.0963	0	0	54	FullDelay	0.596296	596296	1	18
6.10355	70	0	7	FullDelay	5.40355	5.40355e+06	3	11
6.10786	46	0	57	FullDelay	0.307856	307856	1	8
6.11914	11	0	55	FullDelay	0.519136	519136	1	16
6.12784	20	0	55	FullDelay	0.52784	527840	1	16
6.13064	15	0	56	FullDelay	0.43064	430640	1	12
6.14353	90	0	53	FullDelay	0.343528	343528	1	9
6.15498	1	0	55	FullDelay	0.554984	554984	1	17
6.15992	9	0	58	FullDelay	0.25992	259920	1	9
6.16358	10	0	55	FullDelay	0.563584	563584	1	17
6.17068	8	0	57	FullDelay	0.37068	370680	1	10
6.17637	22	0	56	FullDelay	0.476368	476368	1	14
6.19783	25	0	57	FullDelay	0.397832	397832	1	11
6.19923	0	0	55	FullDelay	0.599232	599232	1	18
6.20222	46	0	58	FullDelay	0.302216	302216	1	8
6.2221	11	0	56	FullDelay	0.522096	522096	1	16
6.22498	15	0	57	FullDelay	0.424984	424984	1	12
6.23078	20	0	56	FullDelay	0.530784	530784	1	16
6.23789	90	0	54	FullDelay	0.337888	337888	1	9
6.25793	1	0	56	FullDelay	0.557928	557928	1	17
6.25992	9	0	59	FullDelay	0.25992	259920	1	9
6.26504	8	0	58	FullDelay	0.36504	365040	1	10
6.26653	10	0	56	FullDelay	0.566528	566528	1	17
6.27071	22	0	57	FullDelay	0.470712	470712	1	14
6.27362	80	0	12	FullDelay	4.97362	4.97362e+06	4	10
6.30077	25	0	58	FullDelay	0.400768	400768	1	11
6.30218	0	0	56	FullDelay	0.602176	602176	1	18
6.30515	46	0	59	FullDelay	0.305152	305152	1	8
6.31644	11	0	57	FullDelay	0.51644	516440	1	16
6.32514	20	0	57	FullDelay	0.525144	525144	1	16
6.32792	15	0	58	FullDelay	0.42792	427920	1	12
6.34082	90	0	55	FullDelay	0.340824	340824	1	9
6.35229	1	0	57	FullDelay	0.552288	552288	1	17
6.35992	9	0	60	FullDelay	0.25992	259920	1	9
6.36089	10	0	57	FullDelay	0.560888	560888	1	17
6.36798	8	0	59	FullDelay	0.367976	367976	1	10
6.37365	22	0	58	FullDelay	0.473648	473648	1	14
6.39513	25	0	59	FullDelay	0.395128	395128	1	11
6.39654	0	0	57	FullDelay	0.596536	596536	1	18
6.40379	70	0	11	FullDelay	5.30379	5.30379e+06	3	11
6.4081	46	0	60	FullDelay	0.308096	308096	1	8
6.41938	11	0	58	FullDelay	0.519376	519376	1	16
6.42808	20	0	58	FullDelay	0.52808	528080	1	16
6.43088	15	0	59	FullDelay	0.43088	430880	1	12
6.44377	90	0	56	FullDelay	0.343768	343768	1	9
6.45522	1	0	58	FullDelay	0.555224	555224	1	17
6.45992	9	0	61	FullDelay	0.25992	259920	1	9
6.46382	10	0	58	FullDelay	0.563824	563824	1	17
6.47092	8	0	60	FullDelay	0.37092	370920	1	10
6.47661	22	0	59	FullDelay	0.476608	476608	1	14
6.49807	25	0	60	FullDelay	0.398072	398072	1	11
6.49947	0	0	58	FullDelay	0.599472	599472	1	18
6.50246	46	0	61	FullDelay	0.302456	302456	1	8
6.52234	11	0	59	FullDelay	0.522336	522336	1	16
6.52522	15	0	60	FullDelay	0.425224	425224	1	12
6.53102	20	0	59	FullDelay	0.531024	531024	1	16
6.53813	90	0	57	FullDelay	0.338128	338128	1	9
6.55817	1	0	59	FullDelay	0.558168	558168	1	17
6.55992	9	0	62	FullDelay	0.25992	259920	1	9
6.56528	8	0	61	FullDelay	0.36528	365280	1	10
6.56677	10	0	59	FullDelay	0.566768	566768	1	17
6.57095	22	0	60	FullDelay	0.470952	470952	1	14
6.57386	80	0	16	FullDelay	4.87386	4.87386e+06	3	10
6.60101	25	0	61	FullDelay	0.401008	401008	1	11
6.60242	0	0	59	FullDelay	0.602416	602416	1	18
6.60539	46	0	62	FullDelay	0.305392	305392	1	8
6.61668	11	0	60	FullDelay	0.51668	516680	1	16
6.62538	20	0	60	FullDelay	0.525384	525384	1	16
6.62816	15	0	61	FullDelay	0.42816	428160	1	12
6.64106	90	0	58	FullDelay	0.341064	341064	1	9
6.65253	1	0	60	FullDelay	0.552528	552528	1	17
6.65992	9	0	63	FullDelay	0.25992	259920	1	9
6.66113	10	0	60	FullDelay	0.561128	561128	1	17
6.66822	8	0	62	FullDelay	0.368216	368216	1	10
6.67389	22	0	61	FullDelay	0.473888	473888	1	14
6.69537	25	0	62	FullDelay	0.395368	395368	1	11
6.69678	0	0	60	FullDelay	0.596776	596776	1	18
6.70403	7	0	40	FullDelay	0.404032	404032	1	11
6.70834	46	0	63	FullDelay	0.308336	308336	1	8
6.71962	11	0	61	FullDelay	0.519616	519616	1	16
6.72832	20	0	61	FullDelay	0.52832	528320	1	16
6.73116	15	0	62	FullDelay	0.43116	431160	1	12
6.74401	90	0	59	FullDelay	0.344008	344008	1	9
6.75546	1	0	61	FullDelay	0.555464	555464	1	17
6.75992	9	0	64	FullDelay	0.25992	259920	1	9
6.76406	10	0	61	FullDelay	0.564064	564064	1	17
6.77116	8	0	63	FullDelay	0.37116	371160	1	10
6.77686	22	0	62	FullDelay	0.476864	476864	1	14
6.79831	25	0	63	FullDelay	0.398312	398312	1	11
6.79971	0	0	61	FullDelay	0.599712	599712	1	18
6.8027	46	0	64	FullDelay	0.302696	302696	1	8
6.82259	11	0	62	FullDelay	0.522592	522592	1	16
6.82546	15	0	63	FullDelay	0.425464	425464	1	12
6.83126	20	0	62	FullDelay	0.531264	531264	1	16
6.83837	90	0	60	FullDelay	0.338368	338368	1	9
6.85841	1	0	62	FullDelay	0.558408	558408	1	17
6.85992	9	0	65	FullDelay	0.25992	259920	1	9
6.86552	8	0	64	FullDelay	0.36552	365520	1	10
6.86701	10	0	62	FullDelay	0.567008	567008	1	17
6.87119	22	0	63	FullDelay	0.471192	471192	1	14
6.8741	80	0	22	FullDelay	3.4741	3.4741e+06	2	10
6.90125	25	0	64	FullDelay	0.401248	401248	1	11
6.90266	0	0	62	FullDelay	0.602656	602656	1	18
6.90563	46	0	65	FullDelay	0.305632	305632	1	8
6.91692	11	0	63	FullDelay	0.51692	516920	1	16
6.92562	20	0	63	FullDelay	0.525624	525624	1	16
6.9284	15	0	64	FullDelay	0.4284	428400	1	12
6.9413	90	0	61	FullDelay	0.341304	341304	1	9
6.95277	1	0	63	FullDelay	0.552768	552768	1	17
6.95992	9	0	66	FullDelay	0.25992	259920	1	9
6.96137	10	0	63	FullDelay	0.561368	561368	1	17
6.96846	8	0	65	FullDelay	0.368456	368456	1	10
6.97413	22	0	64	FullDelay	0.474128	474128	1	14
6.99561	25	0	65	FullDelay	0.395608	395608	1	11
6.99702	0	0	63	FullDelay	0.597016	597016	1	18
7.00858	46	0	66	FullDelay	0.308576	308576	1	8
7.01986	11	0	64	FullDelay	0.519856	519856	1	16
7.02276	15	0	65	FullDelay	0.42276	422760	1	12
7.02856	20	0	64	FullDelay	0.52856	528560	1	16
7.03143	60	0	39	FullDelay	0.431432	431432	1	12
7.04425	90	0	62	FullDelay	0.344248	344248	1	9
7.0557	1	0	64	FullDelay	0.555704	555704	1	17
7.05992	9	0	67	FullDelay	0.25992	259920	1	9
7.0643	10	0	64	FullDelay	0.564304	564304	1	17
7.0714	8	0	66	FullDelay	0.3714	371400	1	10
7.07709	22	0	65	FullDelay	0.477088	477088	1	14
7.09855	25	0	66	FullDelay	0.398552	398552	1	11
7.09995	0	0	64	FullDelay	0.599952	599952	1	18
7.10294	46	0	67	FullDelay	0.302936	302936	1	8
7.12282	11	0	65	FullDelay	0.522816	522816	1	16
7.1257	15	0	66	FullDelay	0.425704	425704	1	12
7.1315	20	0	65	FullDelay	0.531504	531504	1	16
7.13861	90	0	63	FullDelay	0.338608	338608	1	9
7.15865	1	0	65	FullDelay	0.558648	558648	1	17
7.15992	9	0	68	FullDelay	0.25992	259920	1	9
7.16576	8	0	67	FullDelay	0.36576	365760	1	10
7.16725	10	0	65	FullDelay	0.567248	567248	1	17
7.17143	22	0	66	FullDelay	0.471432	471432	1	14
7.17434	80	0	25	FullDelay	2.47434	2.47434e+06	2	10
7.20149	25	0	67	FullDelay	0.401488	401488	1	11
7.2029	0	0	65	FullDelay	0.602896	602896	1	18
7.20587	46	0	68	FullDelay	0.305872	305872	1	8
7.21716	11	0	66	FullDelay	0.51716	517160	1	16
7.22586	20	0	66	FullDelay	0.525864	525864	1	16
7.22864	15	0	67	FullDelay	0.42864	428640	1	12
7.24154	90	0	64	FullDelay	0.341544	341544	1	9
7.25301	1	0	66	FullDelay	0.553008	553008	1	17
7.25992	9	0	69	FullDelay	0.25992	259920	1	9
7.26161	10	0	66	FullDelay	0.561608	561608	1	17
7.2687	8	0	68	FullDelay	0.368696	368696	1	10
7.27437	22	0	67	FullDelay	0.474368	474368	1	14
7.29585	25	0	68	FullDelay	0.395848	395848	1	11
7.29726	0	0	66	FullDelay	0.597256	597256	1	18
7.30882	46	0	69	FullDelay	0.308816	308816	1	8
7.3201	11	0	67	FullDelay	0.520096	520096	1	16
7.323	15	0	68	FullDelay	0.423	423000	1	12
7.3288	20	0	67	FullDelay	0.5288	528800	1	16
7.33167	60	0	42	FullDelay	0.431672	431672	1	12
7.34449	90	0	65	FullDelay	0.344488	344488	1	9
7.35594	1	0	67	FullDelay	0.555944	555944	1	17
7.35992	9	0	70	FullDelay	0.25992	259920	1	9
7.36454	10	0	67	FullDelay	0.564544	564544	1	17
7.37164	8	0	69	FullDelay	0.37164	371640	1	10
7.37733	22	0	68	FullDelay	0.477328	477328	1	14
7.39879	25	0	69	FullDelay	0.398792	398792	1	11
7.40019	0	0	67	FullDelay	0.600192	600192	1	18
7.40318	46	0	70	FullDelay	0.303176	303176	1	8
7.42306	11	0	68	FullDelay	0.523056	523056	1	16
7.42594	15	0	69	FullDelay	0.425944	425944	1	12
7.43174	20	0	68	FullDelay	0.531744	531744	1	16
7.43885	90	0	66	FullDelay	0.338848	338848	1	9
7.45889	1	0	68	FullDelay	0.558888	558888	1	17
7.45992	9	0	71	FullDelay	0.25992	259920	1	9
7.466	8	0	70	FullDelay	0.366	366000	1	10
7.46749	10	0	68	FullDelay	0.567488	567488	1	17
7.47167	22	0	69	FullDelay	0.471672	471672	1	14
7.47458	80	0	29	FullDelay	2.37458	2.37458e+06	2	10
7.50173	25	0	70	FullDelay	0.401728	401728	1	11
7.50314	0	0	68	FullDelay	0.603136	603136	1	18
7.50611	46	0	71	FullDelay	0.306112	306112	1	8
7.5174	11	0	69	FullDelay	0.5174	517400	1	16
7.5261	20	0	69	FullDelay	0.526104	526104	1	16
7.52888	15	0	70	FullDelay	0.42888	428880	1	12
7.54178	90	0	67	FullDelay	0.341784	341784	1	9
7.55325	1	0	69	FullDelay	0.553248	553248	1	17
7.55992	9	0	72	FullDelay	0.25992	259920	1	9
7.56185	10	0	69	FullDelay	0.561848	561848	1	17
7.56894	8	0	71	FullDelay	0.368936	368936	1	10
7.57461	22	0	70	FullDelay	0.474608	474608	1	14
7.59609	25	0	71	FullDelay	0.396088	396088	1	11
7.5975	0	0	69	FullDelay	0.597496	597496	1	18
7.60906	46	0	72	FullDelay	0.309056	309056	1	8
7.62034	11	0	70	FullDelay	0.520336	520336	1	16
7.62324	15	0	71	FullDelay	0.42324	423240	1	12
7.62904	20	0	70	FullDelay	0.52904	529040	1	16
7.63191	60	0	4	FullDelay	7.23191	7.23191e+06	4	12
7.64473	90	0	68	FullDelay	0.344728	344728	1	9
7.65618	1	0	70	FullDelay	0.556184	556184	1	17
7.65992	9	0	73	FullDelay	0.25992	259920	1	9
7.66478	10	0	70	FullDelay	0.564784	564784	1	17
7.67188	8	0	72	FullDelay	0.37188	371880	1	10
7.67757	22	0	71	FullDelay	0.477568	477568	1	14
7.69903	25	0	72	FullDelay	0.399032	399032	1	11
7.70043	0	0	70	FullDelay	0.600432	600432	1	18
7.70342	46	0	73	FullDelay	0.303416	303416	1	8
7.7233	11	0	71	FullDelay	0.523296	523296	1	16
7.72618	15	0	72	FullDelay	0.426184	426184	1	12
7.73198	20	0	71	FullDelay	0.531984	531984	1	16
7.73909	90	0	69	FullDelay	0.339088	339088	1	9
7.75913	1	0	71	FullDelay	0.559128	559128	1	17
7.75992	9	0	74	FullDelay	0.25992	259920	1	9
7.76624	8	0	73	FullDelay	0.36624	366240	1	10
7.76773	10	0	71	FullDelay	0.567728	567728	1	17
7.77191	22	0	72	FullDelay	0.471912	471912	1	14
7.77482	80	0	35	FullDelay	0.374816	374816	1	10
7.80197	25	0	73	FullDelay	0.401968	401968	1	11
7.80338	0	0	71	FullDelay	0.603376	603376	1	18
7.80635	46	0	74	FullDelay	0.306352	306352	1	8
7.81764	11	0	72	FullDelay	0.51764	517640	1	16
7.82634	20	0	72	FullDelay	0.526344	526344	1	16
7.82912	15	0	73	FullDelay	0.42912	429120	1	12
7.84202	90	0	70	FullDelay	0.342024	342024	1	9
7.85349	1	0	72	FullDelay	0.553488	553488	1	17
7.85992	9	0	75	FullDelay	0.25992	259920	1	9
7.86209	10	0	72	FullDelay	0.562088	562088	1	17
7.86918	8	0	74	FullDelay	0.369176	369176	1	10
7.87485	22	0	73	FullDelay	0.474848	474848	1	14
7.89633	25	0	74	FullDelay	0.396328	396328	1	11
7.89774	0	0	72	FullDelay	0.597736	597736	1	18
7.9093	46	0	75	FullDelay	0.309296	309296	1	8
7.92058	11	0	73	FullDelay	0.520576	520576	1	16
7.92348	15	0	74	FullDelay	0.42348	423480	1	12
7.92928	20	0	73	FullDelay	0.52928	529280	1	16
7.93215	60	0	11	FullDelay	6.73215	6.73215e+06	3	12
7.94497	90	0	71	FullDelay	0.344968	344968	1	9
7.95642	1	0	73	FullDelay	0.556424	556424	1	17
7.95992	9	0	76	FullDelay	0.25992	259920	1	9
7.96502	10	0	73	FullDelay	0.565024	565024	1	17
7.97212	8	0	75	FullDelay	0.37212	372120	1	10
7.97781	22	0	74	FullDelay	0.477808	477808	1	14
7.99927	25	0	75	FullDelay	0.399272	399272	1	11
8.00067	0	0	73	FullDelay	0.600672	600672	1	18
8.00366	46	0	76	FullDelay	0.303656	303656	1	8
8.02354	11	0	74	FullDelay	0.523536	523536	1	16
8.02642	15	0	75	FullDelay	0.426424	426424	1	12
8.03222	20	0	74	FullDelay	0.532224	532224	1	16
8.03933	90	0	72	FullDelay	0.339328	339328	1	9
8.05937	1	0	74	FullDelay	0.559368	559368	1	17
8.05992	9	0	77	FullDelay	0.25992	259920	1	9
8.06648	8	0	76	FullDelay	0.36648	366480	1	10
8.06797	10	0	74	FullDelay	0.567968	567968	1	17
8.07215	22	0	75	FullDelay	0.472152	472152	1	14
8.07514	44	0	33	FullDelay	4.47514	4.47514e+06	2	10
8.10225	25	0	76	FullDelay	0.402248	402248	1	11
8.10362	0	0	74	FullDelay	0.603616	603616	1	18
8.1066	46	0	77	FullDelay	0.3066	306600	1	8
8.11788	11	0	75	FullDelay	0.51788	517880	1	16
8.12658	20	0	75	FullDelay	0.526584	526584	1	16
8.1294	15	0	76	FullDelay	0.4294	429400	1	12
8.14227	90	0	73	FullDelay	0.342272	342272	1	9
8.15373	1	0	75	FullDelay	0.553728	553728	1	17
8.15992	9	0	78	FullDelay	0.25992	259920	1	9
8.16233	10	0	75	FullDelay	0.562328	562328	1	17
8.16942	8	0	77	FullDelay	0.369424	369424	1	10
8.17513	22	0	76	FullDelay	0.475128	475128	1	14
8.19658	25	0	77	FullDelay	0.396576	396576	1	11
8.19798	0	0	75	FullDelay	0.597976	597976	1	18
8.20954	46	0	78	FullDelay	0.309544	309544	1	8
8.22086	11	0	76	FullDelay	0.520856	520856	1	16
8.22373	15	0	77	FullDelay	0.423728	423728	1	12
8.22953	20	0	76	FullDelay	0.529528	529528	1	16
8.2324	60	0	16	FullDelay	6.1324	6.1324e+06	3	12
8.24522	90	0	74	FullDelay	0.345216	345216	1	9
8.25667	1	0	76	FullDelay	0.556672	556672	1	17
8.25992	9	0	79	FullDelay	0.25992	259920	1	9
8.26527	10	0	76	FullDelay	0.565272	565272	1	17
8.27237	8	0	78	FullDelay	0.372368	372368	1	10
8.27806	22	0	77	FullDelay	0.478056	478056	1	14
8.29952	25	0	78	FullDelay	0.39952	399520	1	11
8.30092	0	0	76	FullDelay	0.60092	600920	1	18
8.3039	46	0	79	FullDelay	0.303904	303904	1	8
8.32378	11	0	77	FullDelay	0.523784	523784	1	16
8.32667	15	0	78	FullDelay	0.426672	426672	1	12
8.33247	20	0	77	FullDelay	0.532472	532472	1	16
8.33958	90	0	75	FullDelay	0.339576	339576	1	9
8.35962	1	0	77	FullDelay	0.559616	559616	1	17
8.35992	9	0	80	FullDelay	0.25992	259920	1	9
8.36673	8	0	79	FullDelay	0.366728	366728	1	10
8.36822	10	0	77	FullDelay	0.568216	568216	1	17
8.3724	22	0	78	FullDelay	0.4724	472400	1	14
8.37538	35	0	33	FullDelay	4.87538	4.87538e+06	2	10
8.4025	25	0	79	FullDelay	0.402496	402496	1	11
8.40386	0	0	77	FullDelay	0.603864	603864	1	18
8.40685	46	0	80	FullDelay	0.306848	306848	1	8
8.41813	11	0	78	FullDelay	0.518128	518128	1	16
8.42683	20	0	78	FullDelay	0.526832	526832	1	16
8.42965	15	0	79	FullDelay	0.429648	429648	1	12
8.44252	90	0	76	FullDelay	0.34252	342520	1	9
8.45398	1	0	78	FullDelay	0.553976	553976	1	17
8.45992	9	0	81	FullDelay	0.25992	259920	1	9
8.46258	10	0	78	FullDelay	0.562576	562576	1	17
8.46967	8	0	80	FullDelay	0.369672	369672	1	10
8.47538	22	0	79	FullDelay	0.475376	475376	1	14
8.49682	25	0	80	FullDelay	0.396824	396824	1	11
8.49822	0	0	78	FullDelay	0.598224	598224	1	18
8.50979	46	0	81	FullDelay	0.309792	309792	1	8
8.5211	11	0	79	FullDelay	0.521104	521104	1	16
8.52398	15	0	80	FullDelay	0.423976	423976	1	12
8.52978	20	0	79	FullDelay	0.529776	529776	1	16
8.53265	60	0	19	FullDelay	6.13265	6.13265e+06	3	12
8.54546	90	0	77	FullDelay	0.345464	345464	1	9
8.55692	1	0	79	FullDelay	0.55692	556920	1	17
8.55992	9	0	82	FullDelay	0.25992	259920	1	9
8.56552	10	0	79	FullDelay	0.56552	565520	1	17
8.57262	8	0	81	FullDelay	0.372616	372616	1	10
8.5783	22	0	80	FullDelay	0.478304	478304	1	14
8.59977	25	0	81	FullDelay	0.399768	399768	1	11
8.60117	0	0	79	FullDelay	0.601168	601168	1	18
8.60415	46	0	82	FullDelay	0.304152	304152	1	8
8.62403	11	0	80	FullDelay	0.524032	524032	1	16
8.62692	15	0	81	FullDelay	0.42692	426920	1	12
8.63272	20	0	80	FullDelay	0.53272	532720	1	16
8.63982	90	0	78	FullDelay	0.339824	339824	1	9
8.65986	1	0	80	FullDelay	0.559864	559864	1	17
8.65992	9	0	83	FullDelay	0.25992	259920	1	9
8.66698	8	0	82	FullDelay	0.366976	366976	1	10
8.66846	10	0	80	FullDelay	0.568464	568464	1	17
8.67265	22	0	81	FullDelay	0.472648	472648	1	14
8.69413	25	0	82	FullDelay	0.394128	394128	1	11
8.70279	70	0	41	FullDelay	0.402792	402792	1	11
8.70411	0	0	80	FullDelay	0.604112	604112	1	18
8.7071	46	0	83	FullDelay	0.307096	307096	1	8
8.71838	11	0	81	FullDelay	0.518376	518376	1	16
8.72708	20	0	81	FullDelay	0.52708	527080	1	16
8.72988	15	0	82	FullDelay	0.42988	429880	1	12
8.74277	90	0	79	FullDelay	0.342768	342768	1	9
8.75422	1	0	81	FullDelay	0.554224	554224	1	17
8.75992	9	0	84	FullDelay	0.25992	259920	1	9
8.76282	10	0	81	FullDelay	0.562824	562824	1	17
8.76992	8	0	83	FullDelay	0.36992	369920	1	10
8.77561	22	0	82	FullDelay	0.475608	475608	1	14
8.79707	25	0	83	FullDelay	0.397072	397072	1	11
8.79847	0	0	81	FullDelay	0.598472	598472	1	18
8.81004	46	0	84	FullDelay	0.31004	310040	1	8
8.82134	11	0	82	FullDelay	0.521336	521336	1	16
8.82422	15	0	83	FullDelay	0.424224	424224	1	12
8.83002	20	0	82	FullDelay	0.530024	530024	1	16
8.8329	33	0	32	FullDelay	4.8329	4.8329e+06	2	12
8.84571	90	0	80	FullDelay	0.345712	345712	1	9
8.85717	1	0	82	FullDelay	0.557168	557168	1	17
8.85992	9	0	85	FullDelay	0.25992	259920	1	9
8.86577	10	0	82	FullDelay	0.565768	565768	1	17
8.87286	8	0	84	FullDelay	0.372864	372864	1	10
8.87862	22	0	83	FullDelay	0.478616	478616	1	14
8.90002	25	0	84	FullDelay	0.400016	400016	1	11
8.90142	0	0	82	FullDelay	0.601416	601416	1	18
8.9044	46	0	85	FullDelay	0.3044	304400	1	8
8.92434	11	0	83	FullDelay	0.524344	524344	1	16
8.92717	15	0	84	FullDelay	0.427168	427168	1	12
8.93297	20	0	83	FullDelay	0.532968	532968	1	16
8.94007	90	0	81	FullDelay	0.340072	340072	1	9
8.95992	9	0	86	FullDelay	0.25992	259920	1	9
8.96011	1	0	83	FullDelay	0.560112	560112	1	17
8.96722	8	0	85	FullDelay	0.367224	367224	1	10
8.96871	10	0	83	FullDelay	0.568712	568712	1	17
8.9729	22	0	84	FullDelay	0.472896	472896	1	14
8.99438	25	0	85	FullDelay	0.394376	394376	1	11
9.00304	70	0	44	FullDelay	0.40304	403040	1	11
9.00436	0	0	83	FullDelay	0.60436	604360	1	18
9.00734	46	0	86	FullDelay	0.307344	307344	1	8
9.01862	11	0	84	FullDelay	0.518624	518624	1	16
9.02733	20	0	84	FullDelay	0.527328	527328	1	16
9.03013	15	0	85	FullDelay	0.430128	430128	1	12
9.04302	90	0	82	FullDelay	0.343016	343016	1	9
9.05447	1	0	84	FullDelay	0.554472	554472	1	17
9.05992	9	0	87	FullDelay	0.25992	259920	1	9
9.06307	10	0	84	FullDelay	0.563072	563072	1	17
9.07017	8	0	86	FullDelay	0.370168	370168	1	10
9.07586	22	0	85	FullDelay	0.475856	475856	1	14
9.09732	25	0	86	FullDelay	0.39732	397320	1	11
9.09872	0	0	84	FullDelay	0.59872	598720	1	18
9.11029	46	0	87	FullDelay	0.310288	310288	1	8
9.12158	11	0	85	FullDelay	0.521584	521584	1	16
9.12447	15	0	86	FullDelay	0.424472	424472	1	12
9.13027	20	0	85	FullDelay	0.530272	530272	1	16
9.13314	6	0	32	FullDelay	4.93314	4.93314e+06	2	12
9.15742	1	0	85	FullDelay	0.557416	557416	1	17
9.15992	9	0	88	FullDelay	0.25992	259920	1	9
9.16456	8	0	87	FullDelay	0.36456	364560	1	10
9.16602	10	0	85	FullDelay	0.566016	566016	1	17
9.17312	80	0	26	FullDelay	4.37312	4.37312e+06	3	10
9.17882	22	0	86	FullDelay	0.478816	478816	1	14
9.20027	25	0	87	FullDelay	0.400272	400272	1	11
9.20166	0	0	85	FullDelay	0.601664	601664	1	18
9.20465	46	0	88	FullDelay	0.304648	304648	1	8
9.22454	11	0	86	FullDelay	0.524544	524544	1	16
9.22742	15	0	87	FullDelay	0.427424	427424	1	12
9.23322	20	0	86	FullDelay	0.533216	533216	1	16
9.24032	90	0	84	FullDelay	0.34032	340320	1	9
9.25992	9	0	89	FullDelay	0.25992	259920	1	9
9.26036	1	0	86	FullDelay	0.56036	560360	1	17
9.26747	8	0	88	FullDelay	0.367472	367472	1	10
9.26896	10	0	86	FullDelay	0.56896	568960	1	17
9.27315	22	0	87	FullDelay	0.473152	473152	1	14
9.29462	25	0	88	FullDelay	0.394624	394624	1	11
9.30329	70	0	4	FullDelay	8.90329	8.90329e+06	4	11
9.30461	0	0	86	FullDelay	0.604608	604608	1	18
9.30759	46	0	89	FullDelay	0.307592	307592	1	8
9.31888	11	0	87	FullDelay	0.51888	518880	1	16
9.32758	20	0	87	FullDelay	0.527576	527576	1	16
9.33038	15	0	88	FullDelay	0.430376	430376	1	12
9.34326	90	0	85	FullDelay	0.343264	343264	1	9
9.35472	1	0	87	FullDelay	0.55472	554720	1	17
9.35992	9	0	90	FullDelay	0.25992	259920	1	9
9.36332	10	0	87	FullDelay	0.56332	563320	1	17
9.37042	8	0	89	FullDelay	0.370416	370416	1	10
9.3761	22	0	88	FullDelay	0.476104	476104	1	14
9.39757	25	0	89	FullDelay	0.397568	397568	1	11
9.39897	0	0	87	FullDelay	0.598968	598968	1	18
9.41054	46	0	90	FullDelay	0.310536	310536	1	8
9.42183	11	0	88	FullDelay	0.521832	521832	1	16
9.42472	15	0	89	FullDelay	0.42472	424720	1	12
9.43052	20	0	88	FullDelay	0.53052	530520	1	16
9.43339	6	0	35	FullDelay	4.93339	4.93339e+06	2	12
9.45766	1	0	88	FullDelay	0.557664	557664	1	17
9.45992	9	0	91	FullDelay	0.25992	259920	1	9
9.46481	8	0	90	FullDelay	0.364808	364808	1	10
9.46626	10	0	88	FullDelay	0.566264	566264	1	17
9.47337	80	0	33	FullDelay	2.27337	2.27337e+06	2	10
9.47906	22	0	89	FullDelay	0.479064	479064	1	14
9.50052	25	0	90	FullDelay	0.40052	400520	1	11
9.50191	0	0	88	FullDelay	0.601912	601912	1	18
9.5049	46	0	91	FullDelay	0.304896	304896	1	8
9.52479	11	0	89	FullDelay	0.524792	524792	1	16
9.52767	15	0	90	FullDelay	0.427672	427672	1	12
9.53346	20	0	89	FullDelay	0.533464	533464	1	16
9.54057	90	0	87	FullDelay	0.340568	340568	1	9
9.55992	9	0	92	FullDelay	0.25992	259920	1	9
9.56061	1	0	89	FullDelay	0.560608	560608	1	17
9.56772	8	0	91	FullDelay	0.36772	367720	1	10
9.56921	10	0	89	FullDelay	0.569208	569208	1	17
9.5734	22	0	90	FullDelay	0.4734	473400	1	14
9.59487	25	0	91	FullDelay	0.394872	394872	1	11
9.60354	70	0	10	FullDelay	8.60354	8.60354e+06	4	11
9.60486	0	0	89	FullDelay	0.604856	604856	1	18
9.60784	46	0	92	FullDelay	0.30784	307840	1	8
9.61913	11	0	90	FullDelay	0.519128	519128	1	16
9.62782	20	0	90	FullDelay	0.527824	527824	1	16
9.63062	15	0	91	FullDelay	0.430624	430624	1	12
9.64351	90	0	83	FullDelay	0.843512	843512	2	9
9.65497	1	0	90	FullDelay	0.554968	554968	1	17
9.65992	9	0	93	FullDelay	0.25992	259920	1	9
9.66357	10	0	90	FullDelay	0.563568	563568	1	17
9.67066	8	0	92	FullDelay	0.370664	370664	1	10
9.67635	22	0	91	FullDelay	0.476352	476352	1	14
9.69782	25	0	92	FullDelay	0.397816	397816	1	11
9.69922	0	0	90	FullDelay	0.599216	599216	1	18
9.7022	46	0	93	FullDelay	0.3022	302200	1	8
9.72208	11	0	91	FullDelay	0.52208	522080	1	16
9.72497	15	0	92	FullDelay	0.424968	424968	1	12
9.73077	20	0	91	FullDelay	0.530768	530768	1	16
9.73787	90	0	88	FullDelay	0.337872	337872	1	9
9.75791	1	0	91	FullDelay	0.557912	557912	1	17
9.75992	9	0	94	FullDelay	0.25992	259920	1	9
9.76502	8	0	93	FullDelay	0.365024	365024	1	10
9.76651	10	0	91	FullDelay	0.566512	566512	1	17
9.7707	22	0	92	FullDelay	0.470696	470696	1	14
9.7736	80	0	41	FullDelay	0.3736	373600	1	10
9.80075	25	0	93	FullDelay	0.400752	400752	1	11
9.80216	0	0	91	FullDelay	0.60216	602160	1	18
9.80514	46	0	94	FullDelay	0.305136	305136	1	8
9.81642	11	0	92	FullDelay	0.516424	516424	1	16
9.82513	20	0	92	FullDelay	0.525128	525128	1	16
9.8279	15	0	93	FullDelay	0.427904	427904	1	12
9.84081	90	0	86	FullDelay	0.740808	740808	2	9
9.85227	1	0	92	FullDelay	0.552272	552272	1	17
9.85992	9	0	95	FullDelay	0.25992	259920	1	9
9.86087	10	0	92	FullDelay	0.560872	560872	1	17
9.86796	8	0	94	FullDelay	0.36796	367960	1	10
9.87363	22	0	93	FullDelay	0.473632	473632	1	14
9.89511	25	0	94	FullDelay	0.395112	395112	1	11
9.89652	0	0	92	FullDelay	0.59652	596520	1	18
9.90378	70	0	16	FullDelay	8.20378	8.20378e+06	3	11
9.90808	46	0	95	FullDelay	0.30808	308080	1	8
9.91936	11	0	93	FullDelay	0.51936	519360	1	16
9.92806	20	0	93	FullDelay	0.528064	528064	1	16
9.93086	15	0	94	FullDelay	0.430864	430864	1	12
9.94375	90	0	89	FullDelay	0.343752	343752	1	9
9.95521	1	0	93	FullDelay	0.555208	555208	1	17
9.95992	9	0	96	FullDelay	0.25992	259920	1	9
9.96381	10	0	93	FullDelay	0.563808	563808	1	17
9.9709	8	0	95	FullDelay	0.370904	370904	1	10
9.97659	22	0	94	FullDelay	0.476592	476592	1	14
9.99806	25	0	95	FullDelay	0.398056	398056	1	11
9.99946	0	0	93	FullDelay	0.599456	599456	1	18
