Time	Node	AppId	SeqNo	Type	DelayS	DelayUS	RetxCount	HopCount
0.18664	52	0	1	LastDelay	0.08664	86640	1	3
0.18664	52	0	1	FullDelay	0.08664	86640	1	3
0.18664	58	0	1	LastDelay	0.08664	86640	1	3
0.18664	58	0	1	FullDelay	0.08664	86640	1	3
0.2444	5	0	1	LastDelay	0.1444	144400	1	5
0.2444	5	0	1	FullDelay	0.1444	144400	1	5
0.252976	16	0	1	LastDelay	0.152976	152976	1	5
0.252976	16	0	1	FullDelay	0.152976	152976	1	5
0.27328	82	0	1	LastDelay	0.17328	173280	1	6
0.27328	82	0	1	FullDelay	0.17328	173280	1	6
0.27328	97	0	1	LastDelay	0.17328	173280	1	6
0.27328	97	0	1	FullDelay	0.17328	173280	1	6
0.281856	88	0	1	LastDelay	0.181856	181856	1	6
0.281856	88	0	1	FullDelay	0.181856	181856	1	6
0.28664	52	0	2	LastDelay	0.08664	86640	1	3
0.28664	52	0	2	FullDelay	0.08664	86640	1	3
0.28664	58	0	2	LastDelay	0.08664	86640	1	3
0.28664	58	0	2	FullDelay	0.08664	86640	1	3
0.33104	11	0	1	LastDelay	0.23104	231040	1	8
0.33104	11	0	1	FullDelay	0.23104	231040	1	8
0.339616	91	0	1	LastDelay	0.239616	239616	1	8
0.339616	91	0	1	FullDelay	0.239616	239616	1	8
0.3444	5	0	2	LastDelay	0.1444	144400	1	5
0.3444	5	0	2	FullDelay	0.1444	144400	1	5
0.352976	16	0	2	LastDelay	0.152976	152976	1	5
0.352976	16	0	2	FullDelay	0.152976	152976	1	5
0.37328	82	0	2	LastDelay	0.17328	173280	1	6
0.37328	82	0	2	FullDelay	0.17328	173280	1	6
0.37328	97	0	2	LastDelay	0.17328	173280	1	6
0.37328	97	0	2	FullDelay	0.17328	173280	1	6
0.381856	88	0	2	LastDelay	0.181856	181856	1	6
0.381856	88	0	2	FullDelay	0.181856	181856	1	6
0.38664	52	0	3	LastDelay	0.08664	86640	1	3
0.38664	52	0	3	FullDelay	0.08664	86640	1	3
0.38664	58	0	3	LastDelay	0.08664	86640	1	3
0.38664	58	0	3	FullDelay	0.08664	86640	1	3
0.3888	0	0	1	LastDelay	0.2888	288800	1	10
0.3888	0	0	1	FullDelay	0.2888	288800	1	10
0.43104	11	0	2	LastDelay	0.23104	231040	1	8
0.43104	11	0	2	FullDelay	0.23104	231040	1	8
0.439616	91	0	2	LastDelay	0.239616	239616	1	8
0.439616	91	0	2	FullDelay	0.239616	239616	1	8
0.4444	5	0	3	LastDelay	0.1444	144400	1	5
0.4444	5	0	3	FullDelay	0.1444	144400	1	5
0.452976	16	0	3	LastDelay	0.152976	152976	1	5
0.452976	16	0	3	FullDelay	0.152976	152976	1	5
0.47328	82	0	3	LastDelay	0.17328	173280	1	6
0.47328	82	0	3	FullDelay	0.17328	173280	1	6
0.47328	97	0	3	LastDelay	0.17328	173280	1	6
0.47328	97	0	3	FullDelay	0.17328	173280	1	6
0.481856	88	0	3	LastDelay	0.181856	181856	1	6
0.481856	88	0	3	FullDelay	0.181856	181856	1	6
0.48664	52	0	0	LastDelay	0.08664	86640	1	3
0.48664	52	0	0	FullDelay	0.48664	486640	2	3
0.48664	58	0	0	LastDelay	0.08664	86640	1	3
0.48664	58	0	0	FullDelay	0.48664	486640	2	3
0.4888	0	0	2	LastDelay	0.2888	288800	1	10
0.4888	0	0	2	FullDelay	0.2888	288800	1	10
0.53104	11	0	3	LastDelay	0.23104	231040	1	8
0.53104	11	0	3	FullDelay	0.23104	231040	1	8
0.539616	91	0	3	LastDelay	0.239616	239616	1	8
0.539616	91	0	3	FullDelay	0.239616	239616	1	8
0.5444	5	0	4	LastDelay	0.1444	144400	1	5
0.5444	5	0	4	FullDelay	0.1444	144400	1	5
0.552976	16	0	4	LastDelay	0.152976	152976	1	5
0.552976	16	0	4	FullDelay	0.152976	152976	1	5
0.57328	82	0	4	LastDelay	0.17328	173280	1	6
0.57328	82	0	4	FullDelay	0.17328	173280	1	6
0.57328	97	0	4	LastDelay	0.17328	173280	1	6
0.57328	97	0	4	FullDelay	0.17328	173280	1	6
0.581856	88	0	4	LastDelay	0.181856	181856	1	6
0.581856	88	0	4	FullDelay	0.181856	181856	1	6
0.58664	52	0	4	LastDelay	0.08664	86640	1	3
0.58664	52	0	4	FullDelay	0.08664	86640	1	3
0.58664	58	0	4	LastDelay	0.08664	86640	1	3
0.58664	58	0	4	FullDelay	0.08664	86640	1	3
0.5888	0	0	3	LastDelay	0.2888	288800	1	10
0.5888	0	0	3	FullDelay	0.2888	288800	1	10
0.63104	11	0	4	LastDelay	0.23104	231040	1	8
0.63104	11	0	4	FullDelay	0.23104	231040	1	8
0.639616	91	0	4	LastDelay	0.239616	239616	1	8
0.639616	91	0	4	FullDelay	0.239616	239616	1	8
0.6444	5	0	0	LastDelay	0.1444	144400	1	5
0.6444	5	0	0	FullDelay	0.6444	644400	2	5
0.652976	16	0	0	LastDelay	0.152976	152976	1	5
0.652976	16	0	0	FullDelay	0.652976	652976	2	5
0.67328	82	0	0	LastDelay	0.17328	173280	1	6
0.67328	82	0	0	FullDelay	0.67328	673280	2	6
0.67328	97	0	0	LastDelay	0.17328	173280	1	6
0.67328	97	0	0	FullDelay	0.67328	673280	2	6
0.681856	88	0	5	LastDelay	0.181856	181856	1	6
0.681856	88	0	5	FullDelay	0.181856	181856	1	6
0.68664	52	0	5	LastDelay	0.08664	86640	1	3
0.68664	52	0	5	FullDelay	0.08664	86640	1	3
0.68664	58	0	5	LastDelay	0.08664	86640	1	3
0.68664	58	0	5	FullDelay	0.08664	86640	1	3
0.6888	0	0	4	LastDelay	0.2888	288800	1	10
0.6888	0	0	4	FullDelay	0.2888	288800	1	10
0.73104	11	0	5	LastDelay	0.23104	231040	1	8
0.73104	11	0	5	FullDelay	0.23104	231040	1	8
0.739616	91	0	5	LastDelay	0.239616	239616	1	8
0.739616	91	0	5	FullDelay	0.239616	239616	1	8
0.7444	5	0	5	LastDelay	0.1444	144400	1	5
0.7444	5	0	5	FullDelay	0.1444	144400	1	5
0.752976	16	0	5	LastDelay	0.152976	152976	1	5
0.752976	16	0	5	FullDelay	0.152976	152976	1	5
0.77328	82	0	5	LastDelay	0.17328	173280	1	6
0.77328	82	0	5	FullDelay	0.17328	173280	1	6
0.77328	97	0	5	LastDelay	0.17328	173280	1	6
0.77328	97	0	5	FullDelay	0.17328	173280	1	6
0.781856	88	0	0	LastDelay	0.181856	181856	1	6
0.781856	88	0	0	FullDelay	0.781856	781856	2	6
0.78664	52	0	6	LastDelay	0.08664	86640	1	3
0.78664	52	0	6	FullDelay	0.08664	86640	1	3
0.78664	58	0	6	LastDelay	0.08664	86640	1	3
0.78664	58	0	6	FullDelay	0.08664	86640	1	3
0.7888	0	0	5	LastDelay	0.2888	288800	1	10
0.7888	0	0	5	FullDelay	0.2888	288800	1	10
0.83104	11	0	0	LastDelay	0.23104	231040	1	8
0.83104	11	0	0	FullDelay	0.83104	831040	2	8
0.839616	91	0	0	LastDelay	0.239616	239616	1	8
0.839616	91	0	0	FullDelay	0.839616	839616	2	8
0.8444	5	0	6	LastDelay	0.1444	144400	1	5
0.8444	5	0	6	FullDelay	0.1444	144400	1	5
0.852976	16	0	6	LastDelay	0.152976	152976	1	5
0.852976	16	0	6	FullDelay	0.152976	152976	1	5
0.87328	82	0	6	LastDelay	0.17328	173280	1	6
0.87328	82	0	6	FullDelay	0.17328	173280	1	6
0.87328	97	0	6	LastDelay	0.17328	173280	1	6
0.87328	97	0	6	FullDelay	0.17328	173280	1	6
0.881856	88	0	6	LastDelay	0.181856	181856	1	6
0.881856	88	0	6	FullDelay	0.181856	181856	1	6
0.88664	52	0	7	LastDelay	0.08664	86640	1	3
0.88664	52	0	7	FullDelay	0.08664	86640	1	3
0.88664	58	0	7	LastDelay	0.08664	86640	1	3
0.88664	58	0	7	FullDelay	0.08664	86640	1	3
0.8888	0	0	6	LastDelay	0.2888	288800	1	10
0.8888	0	0	6	FullDelay	0.2888	288800	1	10
0.93104	11	0	6	LastDelay	0.23104	231040	1	8
0.93104	11	0	6	FullDelay	0.23104	231040	1	8
0.939616	91	0	6	LastDelay	0.239616	239616	1	8
0.939616	91	0	6	FullDelay	0.239616	239616	1	8
0.9444	5	0	7	LastDelay	0.1444	144400	1	5
0.9444	5	0	7	FullDelay	0.1444	144400	1	5
0.952976	16	0	7	LastDelay	0.152976	152976	1	5
0.952976	16	0	7	FullDelay	0.152976	152976	1	5
0.97328	82	0	7	LastDelay	0.17328	173280	1	6
0.97328	82	0	7	FullDelay	0.17328	173280	1	6
0.97328	97	0	7	LastDelay	0.17328	173280	1	6
0.97328	97	0	7	FullDelay	0.17328	173280	1	6
0.981856	88	0	7	LastDelay	0.181856	181856	1	6
0.981856	88	0	7	FullDelay	0.181856	181856	1	6
0.98664	52	0	8	LastDelay	0.08664	86640	1	3
0.98664	52	0	8	FullDelay	0.08664	86640	1	3
0.98664	58	0	8	LastDelay	0.08664	86640	1	3
0.98664	58	0	8	FullDelay	0.08664	86640	1	3
0.9888	0	0	0	LastDelay	0.2888	288800	1	10
0.9888	0	0	0	FullDelay	0.9888	988800	2	10
1.03104	11	0	7	LastDelay	0.23104	231040	1	8
1.03104	11	0	7	FullDelay	0.23104	231040	1	8
1.03962	91	0	7	LastDelay	0.239616	239616	1	8
1.03962	91	0	7	FullDelay	0.239616	239616	1	8
1.0444	5	0	8	LastDelay	0.1444	144400	1	5
1.0444	5	0	8	FullDelay	0.1444	144400	1	5
1.05298	16	0	8	LastDelay	0.152976	152976	1	5
1.05298	16	0	8	FullDelay	0.152976	152976	1	5
1.07328	82	0	8	LastDelay	0.17328	173280	1	6
1.07328	82	0	8	FullDelay	0.17328	173280	1	6
1.07328	97	0	8	LastDelay	0.17328	173280	1	6
1.07328	97	0	8	FullDelay	0.17328	173280	1	6
1.08186	88	0	8	LastDelay	0.181856	181856	1	6
1.08186	88	0	8	FullDelay	0.181856	181856	1	6
1.08664	52	0	9	LastDelay	0.08664	86640	1	3
1.08664	52	0	9	FullDelay	0.08664	86640	1	3
1.08664	58	0	9	LastDelay	0.08664	86640	1	3
1.08664	58	0	9	FullDelay	0.08664	86640	1	3
1.0888	0	0	7	LastDelay	0.2888	288800	1	10
1.0888	0	0	7	FullDelay	0.2888	288800	1	10
1.13104	11	0	8	LastDelay	0.23104	231040	1	8
1.13104	11	0	8	FullDelay	0.23104	231040	1	8
1.13962	91	0	8	LastDelay	0.239616	239616	1	8
1.13962	91	0	8	FullDelay	0.239616	239616	1	8
1.1444	5	0	9	LastDelay	0.1444	144400	1	5
1.1444	5	0	9	FullDelay	0.1444	144400	1	5
1.15298	16	0	9	LastDelay	0.152976	152976	1	5
1.15298	16	0	9	FullDelay	0.152976	152976	1	5
1.17328	82	0	9	LastDelay	0.17328	173280	1	6
1.17328	82	0	9	FullDelay	0.17328	173280	1	6
1.17328	97	0	9	LastDelay	0.17328	173280	1	6
1.17328	97	0	9	FullDelay	0.17328	173280	1	6
1.18186	88	0	9	LastDelay	0.181856	181856	1	6
1.18186	88	0	9	FullDelay	0.181856	181856	1	6
1.18664	52	0	10	LastDelay	0.08664	86640	1	3
1.18664	52	0	10	FullDelay	0.08664	86640	1	3
1.18664	58	0	10	LastDelay	0.08664	86640	1	3
1.18664	58	0	10	FullDelay	0.08664	86640	1	3
1.1888	0	0	8	LastDelay	0.2888	288800	1	10
1.1888	0	0	8	FullDelay	0.2888	288800	1	10
1.23104	11	0	9	LastDelay	0.23104	231040	1	8
1.23104	11	0	9	FullDelay	0.23104	231040	1	8
1.23962	91	0	9	LastDelay	0.239616	239616	1	8
1.23962	91	0	9	FullDelay	0.239616	239616	1	8
1.2444	5	0	10	LastDelay	0.1444	144400	1	5
1.2444	5	0	10	FullDelay	0.1444	144400	1	5
1.25298	16	0	10	LastDelay	0.152976	152976	1	5
1.25298	16	0	10	FullDelay	0.152976	152976	1	5
1.27328	82	0	10	LastDelay	0.17328	173280	1	6
1.27328	82	0	10	FullDelay	0.17328	173280	1	6
1.27328	97	0	10	LastDelay	0.17328	173280	1	6
1.27328	97	0	10	FullDelay	0.17328	173280	1	6
1.28186	88	0	10	LastDelay	0.181856	181856	1	6
1.28186	88	0	10	FullDelay	0.181856	181856	1	6
1.28664	52	0	11	LastDelay	0.08664	86640	1	3
1.28664	52	0	11	FullDelay	0.08664	86640	1	3
1.28664	58	0	11	LastDelay	0.08664	86640	1	3
1.28664	58	0	11	FullDelay	0.08664	86640	1	3
1.2888	0	0	9	LastDelay	0.2888	288800	1	10
1.2888	0	0	9	FullDelay	0.2888	288800	1	10
1.33104	11	0	10	LastDelay	0.23104	231040	1	8
1.33104	11	0	10	FullDelay	0.23104	231040	1	8
1.33962	91	0	10	LastDelay	0.239616	239616	1	8
1.33962	91	0	10	FullDelay	0.239616	239616	1	8
1.3444	5	0	11	LastDelay	0.1444	144400	1	5
1.3444	5	0	11	FullDelay	0.1444	144400	1	5
1.35298	16	0	11	LastDelay	0.152976	152976	1	5
1.35298	16	0	11	FullDelay	0.152976	152976	1	5
1.37328	82	0	11	LastDelay	0.17328	173280	1	6
1.37328	82	0	11	FullDelay	0.17328	173280	1	6
1.37328	97	0	11	LastDelay	0.17328	173280	1	6
1.37328	97	0	11	FullDelay	0.17328	173280	1	6
1.38186	88	0	11	LastDelay	0.181856	181856	1	6
1.38186	88	0	11	FullDelay	0.181856	181856	1	6
1.38664	52	0	12	LastDelay	0.08664	86640	1	3
1.38664	52	0	12	FullDelay	0.08664	86640	1	3
1.38664	58	0	12	LastDelay	0.08664	86640	1	3
1.38664	58	0	12	FullDelay	0.08664	86640	1	3
1.3888	0	0	10	LastDelay	0.2888	288800	1	10
1.3888	0	0	10	FullDelay	0.2888	288800	1	10
1.43104	11	0	11	LastDelay	0.23104	231040	1	8
1.43104	11	0	11	FullDelay	0.23104	231040	1	8
1.43962	91	0	11	LastDelay	0.239616	239616	1	8
1.43962	91	0	11	FullDelay	0.239616	239616	1	8
1.4444	5	0	12	LastDelay	0.1444	144400	1	5
1.4444	5	0	12	FullDelay	0.1444	144400	1	5
1.45298	16	0	12	LastDelay	0.152976	152976	1	5
1.45298	16	0	12	FullDelay	0.152976	152976	1	5
1.47328	82	0	12	LastDelay	0.17328	173280	1	6
1.47328	82	0	12	FullDelay	0.17328	173280	1	6
1.47328	97	0	12	LastDelay	0.17328	173280	1	6
1.47328	97	0	12	FullDelay	0.17328	173280	1	6
1.48186	88	0	12	LastDelay	0.181856	181856	1	6
1.48186	88	0	12	FullDelay	0.181856	181856	1	6
1.48664	52	0	13	LastDelay	0.08664	86640	1	3
1.48664	52	0	13	FullDelay	0.08664	86640	1	3
1.48664	58	0	13	LastDelay	0.08664	86640	1	3
1.48664	58	0	13	FullDelay	0.08664	86640	1	3
1.4888	0	0	11	LastDelay	0.2888	288800	1	10
1.4888	0	0	11	FullDelay	0.2888	288800	1	10
1.53104	11	0	12	LastDelay	0.23104	231040	1	8
1.53104	11	0	12	FullDelay	0.23104	231040	1	8
1.53962	91	0	12	LastDelay	0.239616	239616	1	8
1.53962	91	0	12	FullDelay	0.239616	239616	1	8
1.5444	5	0	13	LastDelay	0.1444	144400	1	5
1.5444	5	0	13	FullDelay	0.1444	144400	1	5
1.55298	16	0	13	LastDelay	0.152976	152976	1	5
1.55298	16	0	13	FullDelay	0.152976	152976	1	5
1.57328	82	0	13	LastDelay	0.17328	173280	1	6
1.57328	82	0	13	FullDelay	0.17328	173280	1	6
1.57328	97	0	13	LastDelay	0.17328	173280	1	6
1.57328	97	0	13	FullDelay	0.17328	173280	1	6
1.58186	88	0	13	LastDelay	0.181856	181856	1	6
1.58186	88	0	13	FullDelay	0.181856	181856	1	6
1.58664	52	0	14	LastDelay	0.08664	86640	1	3
1.58664	52	0	14	FullDelay	0.08664	86640	1	3
1.58664	58	0	14	LastDelay	0.08664	86640	1	3
1.58664	58	0	14	FullDelay	0.08664	86640	1	3
1.5888	0	0	12	LastDelay	0.2888	288800	1	10
1.5888	0	0	12	FullDelay	0.2888	288800	1	10
1.63104	11	0	13	LastDelay	0.23104	231040	1	8
1.63104	11	0	13	FullDelay	0.23104	231040	1	8
1.63962	91	0	13	LastDelay	0.239616	239616	1	8
1.63962	91	0	13	FullDelay	0.239616	239616	1	8
1.6444	5	0	14	LastDelay	0.1444	144400	1	5
1.6444	5	0	14	FullDelay	0.1444	144400	1	5
1.65298	16	0	14	LastDelay	0.152976	152976	1	5
1.65298	16	0	14	FullDelay	0.152976	152976	1	5
1.67328	82	0	14	LastDelay	0.17328	173280	1	6
1.67328	82	0	14	FullDelay	0.17328	173280	1	6
1.67328	97	0	14	LastDelay	0.17328	173280	1	6
1.67328	97	0	14	FullDelay	0.17328	173280	1	6
1.68186	88	0	14	LastDelay	0.181856	181856	1	6
1.68186	88	0	14	FullDelay	0.181856	181856	1	6
1.68664	52	0	15	LastDelay	0.08664	86640	1	3
1.68664	52	0	15	FullDelay	0.08664	86640	1	3
1.68664	58	0	15	LastDelay	0.08664	86640	1	3
1.68664	58	0	15	FullDelay	0.08664	86640	1	3
1.6888	0	0	13	LastDelay	0.2888	288800	1	10
1.6888	0	0	13	FullDelay	0.2888	288800	1	10
1.73104	11	0	14	LastDelay	0.23104	231040	1	8
1.73104	11	0	14	FullDelay	0.23104	231040	1	8
1.73962	91	0	14	LastDelay	0.239616	239616	1	8
1.73962	91	0	14	FullDelay	0.239616	239616	1	8
1.7444	5	0	15	LastDelay	0.1444	144400	1	5
1.7444	5	0	15	FullDelay	0.1444	144400	1	5
1.75298	16	0	15	LastDelay	0.152976	152976	1	5
1.75298	16	0	15	FullDelay	0.152976	152976	1	5
1.77328	82	0	15	LastDelay	0.17328	173280	1	6
1.77328	82	0	15	FullDelay	0.17328	173280	1	6
1.77328	97	0	15	LastDelay	0.17328	173280	1	6
1.77328	97	0	15	FullDelay	0.17328	173280	1	6
1.78186	88	0	15	LastDelay	0.181856	181856	1	6
1.78186	88	0	15	FullDelay	0.181856	181856	1	6
1.78664	52	0	16	LastDelay	0.08664	86640	1	3
1.78664	52	0	16	FullDelay	0.08664	86640	1	3
1.78664	58	0	16	LastDelay	0.08664	86640	1	3
1.78664	58	0	16	FullDelay	0.08664	86640	1	3
1.7888	0	0	14	LastDelay	0.2888	288800	1	10
1.7888	0	0	14	FullDelay	0.2888	288800	1	10
1.83104	11	0	15	LastDelay	0.23104	231040	1	8
1.83104	11	0	15	FullDelay	0.23104	231040	1	8
1.83962	91	0	15	LastDelay	0.239616	239616	1	8
1.83962	91	0	15	FullDelay	0.239616	239616	1	8
1.8444	5	0	16	LastDelay	0.1444	144400	1	5
1.8444	5	0	16	FullDelay	0.1444	144400	1	5
1.85298	16	0	16	LastDelay	0.152976	152976	1	5
1.85298	16	0	16	FullDelay	0.152976	152976	1	5
1.87328	82	0	16	LastDelay	0.17328	173280	1	6
1.87328	82	0	16	FullDelay	0.17328	173280	1	6
1.87328	97	0	16	LastDelay	0.17328	173280	1	6
1.87328	97	0	16	FullDelay	0.17328	173280	1	6
1.88186	88	0	16	LastDelay	0.181856	181856	1	6
1.88186	88	0	16	FullDelay	0.181856	181856	1	6
1.88664	52	0	17	LastDelay	0.08664	86640	1	3
1.88664	52	0	17	FullDelay	0.08664	86640	1	3
1.88664	58	0	17	LastDelay	0.08664	86640	1	3
1.88664	58	0	17	FullDelay	0.08664	86640	1	3
1.8888	0	0	15	LastDelay	0.2888	288800	1	10
1.8888	0	0	15	FullDelay	0.2888	288800	1	10
1.93104	11	0	16	LastDelay	0.23104	231040	1	8
1.93104	11	0	16	FullDelay	0.23104	231040	1	8
1.93962	91	0	16	LastDelay	0.239616	239616	1	8
1.93962	91	0	16	FullDelay	0.239616	239616	1	8
1.9444	5	0	17	LastDelay	0.1444	144400	1	5
1.9444	5	0	17	FullDelay	0.1444	144400	1	5
1.95298	16	0	17	LastDelay	0.152976	152976	1	5
1.95298	16	0	17	FullDelay	0.152976	152976	1	5
1.97328	82	0	17	LastDelay	0.17328	173280	1	6
1.97328	82	0	17	FullDelay	0.17328	173280	1	6
1.97328	97	0	17	LastDelay	0.17328	173280	1	6
1.97328	97	0	17	FullDelay	0.17328	173280	1	6
1.98186	88	0	17	LastDelay	0.181856	181856	1	6
1.98186	88	0	17	FullDelay	0.181856	181856	1	6
1.98664	52	0	18	LastDelay	0.08664	86640	1	3
1.98664	52	0	18	FullDelay	0.08664	86640	1	3
1.98664	58	0	18	LastDelay	0.08664	86640	1	3
1.98664	58	0	18	FullDelay	0.08664	86640	1	3
1.9888	0	0	16	LastDelay	0.2888	288800	1	10
1.9888	0	0	16	FullDelay	0.2888	288800	1	10
2.03104	11	0	17	LastDelay	0.23104	231040	1	8
2.03104	11	0	17	FullDelay	0.23104	231040	1	8
2.03962	91	0	17	LastDelay	0.239616	239616	1	8
2.03962	91	0	17	FullDelay	0.239616	239616	1	8
2.0444	5	0	18	LastDelay	0.1444	144400	1	5
2.0444	5	0	18	FullDelay	0.1444	144400	1	5
2.05298	16	0	18	LastDelay	0.152976	152976	1	5
2.05298	16	0	18	FullDelay	0.152976	152976	1	5
2.07328	82	0	18	LastDelay	0.17328	173280	1	6
2.07328	82	0	18	FullDelay	0.17328	173280	1	6
2.07328	97	0	18	LastDelay	0.17328	173280	1	6
2.07328	97	0	18	FullDelay	0.17328	173280	1	6
2.08186	88	0	18	LastDelay	0.181856	181856	1	6
2.08186	88	0	18	FullDelay	0.181856	181856	1	6
2.08664	52	0	19	LastDelay	0.08664	86640	1	3
2.08664	52	0	19	FullDelay	0.08664	86640	1	3
2.08664	58	0	19	LastDelay	0.08664	86640	1	3
2.08664	58	0	19	FullDelay	0.08664	86640	1	3
2.0888	0	0	17	LastDelay	0.2888	288800	1	10
2.0888	0	0	17	FullDelay	0.2888	288800	1	10
2.13104	11	0	18	LastDelay	0.23104	231040	1	8
2.13104	11	0	18	FullDelay	0.23104	231040	1	8
2.13962	91	0	18	LastDelay	0.239616	239616	1	8
2.13962	91	0	18	FullDelay	0.239616	239616	1	8
2.1444	5	0	19	LastDelay	0.1444	144400	1	5
2.1444	5	0	19	FullDelay	0.1444	144400	1	5
2.15298	16	0	19	LastDelay	0.152976	152976	1	5
2.15298	16	0	19	FullDelay	0.152976	152976	1	5
2.17328	82	0	19	LastDelay	0.17328	173280	1	6
2.17328	82	0	19	FullDelay	0.17328	173280	1	6
2.17328	97	0	19	LastDelay	0.17328	173280	1	6
2.17328	97	0	19	FullDelay	0.17328	173280	1	6
2.18186	88	0	19	LastDelay	0.181856	181856	1	6
2.18186	88	0	19	FullDelay	0.181856	181856	1	6
2.18664	52	0	20	LastDelay	0.08664	86640	1	3
2.18664	52	0	20	FullDelay	0.08664	86640	1	3
2.18664	58	0	20	LastDelay	0.08664	86640	1	3
2.18664	58	0	20	FullDelay	0.08664	86640	1	3
2.1888	0	0	18	LastDelay	0.2888	288800	1	10
2.1888	0	0	18	FullDelay	0.2888	288800	1	10
2.23104	11	0	19	LastDelay	0.23104	231040	1	8
2.23104	11	0	19	FullDelay	0.23104	231040	1	8
2.23962	91	0	19	LastDelay	0.239616	239616	1	8
2.23962	91	0	19	FullDelay	0.239616	239616	1	8
2.2444	5	0	20	LastDelay	0.1444	144400	1	5
2.2444	5	0	20	FullDelay	0.1444	144400	1	5
2.25298	16	0	20	LastDelay	0.152976	152976	1	5
2.25298	16	0	20	FullDelay	0.152976	152976	1	5
2.27328	82	0	20	LastDelay	0.17328	173280	1	6
2.27328	82	0	20	FullDelay	0.17328	173280	1	6
2.27328	97	0	20	LastDelay	0.17328	173280	1	6
2.27328	97	0	20	FullDelay	0.17328	173280	1	6
2.28186	88	0	20	LastDelay	0.181856	181856	1	6
2.28186	88	0	20	FullDelay	0.181856	181856	1	6
2.28664	52	0	21	LastDelay	0.08664	86640	1	3
2.28664	52	0	21	FullDelay	0.08664	86640	1	3
2.28664	58	0	21	LastDelay	0.08664	86640	1	3
2.28664	58	0	21	FullDelay	0.08664	86640	1	3
2.2888	0	0	19	LastDelay	0.2888	288800	1	10
2.2888	0	0	19	FullDelay	0.2888	288800	1	10
2.33104	11	0	20	LastDelay	0.23104	231040	1	8
2.33104	11	0	20	FullDelay	0.23104	231040	1	8
2.33962	91	0	20	LastDelay	0.239616	239616	1	8
2.33962	91	0	20	FullDelay	0.239616	239616	1	8
2.3444	5	0	21	LastDelay	0.1444	144400	1	5
2.3444	5	0	21	FullDelay	0.1444	144400	1	5
2.35298	16	0	21	LastDelay	0.152976	152976	1	5
2.35298	16	0	21	FullDelay	0.152976	152976	1	5
2.37328	82	0	21	LastDelay	0.17328	173280	1	6
2.37328	82	0	21	FullDelay	0.17328	173280	1	6
2.37328	97	0	21	LastDelay	0.17328	173280	1	6
2.37328	97	0	21	FullDelay	0.17328	173280	1	6
2.38186	88	0	21	LastDelay	0.181856	181856	1	6
2.38186	88	0	21	FullDelay	0.181856	181856	1	6
2.38664	52	0	22	LastDelay	0.08664	86640	1	3
2.38664	52	0	22	FullDelay	0.08664	86640	1	3
2.38664	58	0	22	LastDelay	0.08664	86640	1	3
2.38664	58	0	22	FullDelay	0.08664	86640	1	3
2.3888	0	0	20	LastDelay	0.2888	288800	1	10
2.3888	0	0	20	FullDelay	0.2888	288800	1	10
2.43104	11	0	21	LastDelay	0.23104	231040	1	8
2.43104	11	0	21	FullDelay	0.23104	231040	1	8
2.43962	91	0	21	LastDelay	0.239616	239616	1	8
2.43962	91	0	21	FullDelay	0.239616	239616	1	8
2.4444	5	0	22	LastDelay	0.1444	144400	1	5
2.4444	5	0	22	FullDelay	0.1444	144400	1	5
2.45298	16	0	22	LastDelay	0.152976	152976	1	5
2.45298	16	0	22	FullDelay	0.152976	152976	1	5
2.47328	82	0	22	LastDelay	0.17328	173280	1	6
2.47328	82	0	22	FullDelay	0.17328	173280	1	6
2.47328	97	0	22	LastDelay	0.17328	173280	1	6
2.47328	97	0	22	FullDelay	0.17328	173280	1	6
2.48186	88	0	22	LastDelay	0.181856	181856	1	6
2.48186	88	0	22	FullDelay	0.181856	181856	1	6
2.48664	52	0	23	LastDelay	0.08664	86640	1	3
2.48664	52	0	23	FullDelay	0.08664	86640	1	3
2.48664	58	0	23	LastDelay	0.08664	86640	1	3
2.48664	58	0	23	FullDelay	0.08664	86640	1	3
2.4888	0	0	21	LastDelay	0.2888	288800	1	10
2.4888	0	0	21	FullDelay	0.2888	288800	1	10
2.53104	11	0	22	LastDelay	0.23104	231040	1	8
2.53104	11	0	22	FullDelay	0.23104	231040	1	8
2.53962	91	0	22	LastDelay	0.239616	239616	1	8
2.53962	91	0	22	FullDelay	0.239616	239616	1	8
2.5444	5	0	23	LastDelay	0.1444	144400	1	5
2.5444	5	0	23	FullDelay	0.1444	144400	1	5
2.55298	16	0	23	LastDelay	0.152976	152976	1	5
2.55298	16	0	23	FullDelay	0.152976	152976	1	5
2.57328	82	0	23	LastDelay	0.17328	173280	1	6
2.57328	82	0	23	FullDelay	0.17328	173280	1	6
2.57328	97	0	23	LastDelay	0.17328	173280	1	6
2.57328	97	0	23	FullDelay	0.17328	173280	1	6
2.58186	88	0	23	LastDelay	0.181856	181856	1	6
2.58186	88	0	23	FullDelay	0.181856	181856	1	6
2.58664	52	0	24	LastDelay	0.08664	86640	1	3
2.58664	52	0	24	FullDelay	0.08664	86640	1	3
2.58664	58	0	24	LastDelay	0.08664	86640	1	3
2.58664	58	0	24	FullDelay	0.08664	86640	1	3
2.5888	0	0	22	LastDelay	0.2888	288800	1	10
2.5888	0	0	22	FullDelay	0.2888	288800	1	10
2.63104	11	0	23	LastDelay	0.23104	231040	1	8
2.63104	11	0	23	FullDelay	0.23104	231040	1	8
2.63962	91	0	23	LastDelay	0.239616	239616	1	8
2.63962	91	0	23	FullDelay	0.239616	239616	1	8
2.6444	5	0	24	LastDelay	0.1444	144400	1	5
2.6444	5	0	24	FullDelay	0.1444	144400	1	5
2.65298	16	0	24	LastDelay	0.152976	152976	1	5
2.65298	16	0	24	FullDelay	0.152976	152976	1	5
2.67328	82	0	24	LastDelay	0.17328	173280	1	6
2.67328	82	0	24	FullDelay	0.17328	173280	1	6
2.67328	97	0	24	LastDelay	0.17328	173280	1	6
2.67328	97	0	24	FullDelay	0.17328	173280	1	6
2.68186	88	0	24	LastDelay	0.181856	181856	1	6
2.68186	88	0	24	FullDelay	0.181856	181856	1	6
2.68664	52	0	25	LastDelay	0.08664	86640	1	3
2.68664	52	0	25	FullDelay	0.08664	86640	1	3
2.68664	58	0	25	LastDelay	0.08664	86640	1	3
2.68664	58	0	25	FullDelay	0.08664	86640	1	3
2.6888	0	0	23	LastDelay	0.2888	288800	1	10
2.6888	0	0	23	FullDelay	0.2888	288800	1	10
2.73104	11	0	24	LastDelay	0.23104	231040	1	8
2.73104	11	0	24	FullDelay	0.23104	231040	1	8
2.73962	91	0	24	LastDelay	0.239616	239616	1	8
2.73962	91	0	24	FullDelay	0.239616	239616	1	8
2.7444	5	0	25	LastDelay	0.1444	144400	1	5
2.7444	5	0	25	FullDelay	0.1444	144400	1	5
2.75298	16	0	25	LastDelay	0.152976	152976	1	5
2.75298	16	0	25	FullDelay	0.152976	152976	1	5
2.77328	82	0	25	LastDelay	0.17328	173280	1	6
2.77328	82	0	25	FullDelay	0.17328	173280	1	6
2.77328	97	0	25	LastDelay	0.17328	173280	1	6
2.77328	97	0	25	FullDelay	0.17328	173280	1	6
2.78186	88	0	25	LastDelay	0.181856	181856	1	6
2.78186	88	0	25	FullDelay	0.181856	181856	1	6
2.78664	52	0	26	LastDelay	0.08664	86640	1	3
2.78664	52	0	26	FullDelay	0.08664	86640	1	3
2.78664	58	0	26	LastDelay	0.08664	86640	1	3
2.78664	58	0	26	FullDelay	0.08664	86640	1	3
2.7888	0	0	24	LastDelay	0.2888	288800	1	10
2.7888	0	0	24	FullDelay	0.2888	288800	1	10
2.83104	11	0	25	LastDelay	0.23104	231040	1	8
2.83104	11	0	25	FullDelay	0.23104	231040	1	8
2.83962	91	0	25	LastDelay	0.239616	239616	1	8
2.83962	91	0	25	FullDelay	0.239616	239616	1	8
2.8444	5	0	26	LastDelay	0.1444	144400	1	5
2.8444	5	0	26	FullDelay	0.1444	144400	1	5
2.85298	16	0	26	LastDelay	0.152976	152976	1	5
2.85298	16	0	26	FullDelay	0.152976	152976	1	5
2.87328	82	0	26	LastDelay	0.17328	173280	1	6
2.87328	82	0	26	FullDelay	0.17328	173280	1	6
2.87328	97	0	26	LastDelay	0.17328	173280	1	6
2.87328	97	0	26	FullDelay	0.17328	173280	1	6
2.88186	88	0	26	LastDelay	0.181856	181856	1	6
2.88186	88	0	26	FullDelay	0.181856	181856	1	6
2.88664	52	0	27	LastDelay	0.08664	86640	1	3
2.88664	52	0	27	FullDelay	0.08664	86640	1	3
2.88664	58	0	27	LastDelay	0.08664	86640	1	3
2.88664	58	0	27	FullDelay	0.08664	86640	1	3
2.8888	0	0	25	LastDelay	0.2888	288800	1	10
2.8888	0	0	25	FullDelay	0.2888	288800	1	10
2.93104	11	0	26	LastDelay	0.23104	231040	1	8
2.93104	11	0	26	FullDelay	0.23104	231040	1	8
2.93962	91	0	26	LastDelay	0.239616	239616	1	8
2.93962	91	0	26	FullDelay	0.239616	239616	1	8
2.9444	5	0	27	LastDelay	0.1444	144400	1	5
2.9444	5	0	27	FullDelay	0.1444	144400	1	5
2.95298	16	0	27	LastDelay	0.152976	152976	1	5
2.95298	16	0	27	FullDelay	0.152976	152976	1	5
2.97328	82	0	27	LastDelay	0.17328	173280	1	6
2.97328	82	0	27	FullDelay	0.17328	173280	1	6
2.97328	97	0	27	LastDelay	0.17328	173280	1	6
2.97328	97	0	27	FullDelay	0.17328	173280	1	6
2.98186	88	0	27	LastDelay	0.181856	181856	1	6
2.98186	88	0	27	FullDelay	0.181856	181856	1	6
2.98664	52	0	28	LastDelay	0.08664	86640	1	3
2.98664	52	0	28	FullDelay	0.08664	86640	1	3
2.98664	58	0	28	LastDelay	0.08664	86640	1	3
2.98664	58	0	28	FullDelay	0.08664	86640	1	3
2.9888	0	0	26	LastDelay	0.2888	288800	1	10
2.9888	0	0	26	FullDelay	0.2888	288800	1	10
3.03104	11	0	27	LastDelay	0.23104	231040	1	8
3.03104	11	0	27	FullDelay	0.23104	231040	1	8
3.03962	91	0	27	LastDelay	0.239616	239616	1	8
3.03962	91	0	27	FullDelay	0.239616	239616	1	8
3.0444	5	0	28	LastDelay	0.1444	144400	1	5
3.0444	5	0	28	FullDelay	0.1444	144400	1	5
3.05298	16	0	28	LastDelay	0.152976	152976	1	5
3.05298	16	0	28	FullDelay	0.152976	152976	1	5
3.07328	82	0	28	LastDelay	0.17328	173280	1	6
3.07328	82	0	28	FullDelay	0.17328	173280	1	6
3.07328	97	0	28	LastDelay	0.17328	173280	1	6
3.07328	97	0	28	FullDelay	0.17328	173280	1	6
3.08186	88	0	28	LastDelay	0.181856	181856	1	6
3.08186	88	0	28	FullDelay	0.181856	181856	1	6
3.08664	52	0	29	LastDelay	0.08664	86640	1	3
3.08664	52	0	29	FullDelay	0.08664	86640	1	3
3.08664	58	0	29	LastDelay	0.08664	86640	1	3
3.08664	58	0	29	FullDelay	0.08664	86640	1	3
3.0888	0	0	27	LastDelay	0.2888	288800	1	10
3.0888	0	0	27	FullDelay	0.2888	288800	1	10
3.13104	11	0	28	LastDelay	0.23104	231040	1	8
3.13104	11	0	28	FullDelay	0.23104	231040	1	8
3.13962	91	0	28	LastDelay	0.239616	239616	1	8
3.13962	91	0	28	FullDelay	0.239616	239616	1	8
3.1444	5	0	29	LastDelay	0.1444	144400	1	5
3.1444	5	0	29	FullDelay	0.1444	144400	1	5
3.15298	16	0	29	LastDelay	0.152976	152976	1	5
3.15298	16	0	29	FullDelay	0.152976	152976	1	5
3.17328	82	0	29	LastDelay	0.17328	173280	1	6
3.17328	82	0	29	FullDelay	0.17328	173280	1	6
3.17328	97	0	29	LastDelay	0.17328	173280	1	6
3.17328	97	0	29	FullDelay	0.17328	173280	1	6
3.18186	88	0	29	LastDelay	0.181856	181856	1	6
3.18186	88	0	29	FullDelay	0.181856	181856	1	6
3.18664	52	0	30	LastDelay	0.08664	86640	1	3
3.18664	52	0	30	FullDelay	0.08664	86640	1	3
3.18664	58	0	30	LastDelay	0.08664	86640	1	3
3.18664	58	0	30	FullDelay	0.08664	86640	1	3
3.1888	0	0	28	LastDelay	0.2888	288800	1	10
3.1888	0	0	28	FullDelay	0.2888	288800	1	10
3.23104	11	0	29	LastDelay	0.23104	231040	1	8
3.23104	11	0	29	FullDelay	0.23104	231040	1	8
3.23962	91	0	29	LastDelay	0.239616	239616	1	8
3.23962	91	0	29	FullDelay	0.239616	239616	1	8
3.2444	5	0	30	LastDelay	0.1444	144400	1	5
3.2444	5	0	30	FullDelay	0.1444	144400	1	5
3.25298	16	0	30	LastDelay	0.152976	152976	1	5
3.25298	16	0	30	FullDelay	0.152976	152976	1	5
3.27328	82	0	30	LastDelay	0.17328	173280	1	6
3.27328	82	0	30	FullDelay	0.17328	173280	1	6
3.27328	97	0	30	LastDelay	0.17328	173280	1	6
3.27328	97	0	30	FullDelay	0.17328	173280	1	6
3.28186	88	0	30	LastDelay	0.181856	181856	1	6
3.28186	88	0	30	FullDelay	0.181856	181856	1	6
3.28664	52	0	31	LastDelay	0.08664	86640	1	3
3.28664	52	0	31	FullDelay	0.08664	86640	1	3
3.28664	58	0	31	LastDelay	0.08664	86640	1	3
3.28664	58	0	31	FullDelay	0.08664	86640	1	3
3.2888	0	0	29	LastDelay	0.2888	288800	1	10
3.2888	0	0	29	FullDelay	0.2888	288800	1	10
3.33104	11	0	30	LastDelay	0.23104	231040	1	8
3.33104	11	0	30	FullDelay	0.23104	231040	1	8
3.33962	91	0	30	LastDelay	0.239616	239616	1	8
3.33962	91	0	30	FullDelay	0.239616	239616	1	8
3.3444	5	0	31	LastDelay	0.1444	144400	1	5
3.3444	5	0	31	FullDelay	0.1444	144400	1	5
3.35298	16	0	31	LastDelay	0.152976	152976	1	5
3.35298	16	0	31	FullDelay	0.152976	152976	1	5
3.37328	82	0	31	LastDelay	0.17328	173280	1	6
3.37328	82	0	31	FullDelay	0.17328	173280	1	6
3.37328	97	0	31	LastDelay	0.17328	173280	1	6
3.37328	97	0	31	FullDelay	0.17328	173280	1	6
3.38186	88	0	31	LastDelay	0.181856	181856	1	6
3.38186	88	0	31	FullDelay	0.181856	181856	1	6
3.38664	52	0	32	LastDelay	0.08664	86640	1	3
3.38664	52	0	32	FullDelay	0.08664	86640	1	3
3.38664	58	0	32	LastDelay	0.08664	86640	1	3
3.38664	58	0	32	FullDelay	0.08664	86640	1	3
3.3888	0	0	30	LastDelay	0.2888	288800	1	10
3.3888	0	0	30	FullDelay	0.2888	288800	1	10
3.43104	11	0	31	LastDelay	0.23104	231040	1	8
3.43104	11	0	31	FullDelay	0.23104	231040	1	8
3.43962	91	0	31	LastDelay	0.239616	239616	1	8
3.43962	91	0	31	FullDelay	0.239616	239616	1	8
3.4444	5	0	32	LastDelay	0.1444	144400	1	5
3.4444	5	0	32	FullDelay	0.1444	144400	1	5
3.45298	16	0	32	LastDelay	0.152976	152976	1	5
3.45298	16	0	32	FullDelay	0.152976	152976	1	5
3.47328	82	0	32	LastDelay	0.17328	173280	1	6
3.47328	82	0	32	FullDelay	0.17328	173280	1	6
3.47328	97	0	32	LastDelay	0.17328	173280	1	6
3.47328	97	0	32	FullDelay	0.17328	173280	1	6
3.48186	88	0	32	LastDelay	0.181856	181856	1	6
3.48186	88	0	32	FullDelay	0.181856	181856	1	6
3.48664	52	0	33	LastDelay	0.08664	86640	1	3
3.48664	52	0	33	FullDelay	0.08664	86640	1	3
3.48664	58	0	33	LastDelay	0.08664	86640	1	3
3.48664	58	0	33	FullDelay	0.08664	86640	1	3
3.4888	0	0	31	LastDelay	0.2888	288800	1	10
3.4888	0	0	31	FullDelay	0.2888	288800	1	10
3.53104	11	0	32	LastDelay	0.23104	231040	1	8
3.53104	11	0	32	FullDelay	0.23104	231040	1	8
3.53962	91	0	32	LastDelay	0.239616	239616	1	8
3.53962	91	0	32	FullDelay	0.239616	239616	1	8
3.5444	5	0	33	LastDelay	0.1444	144400	1	5
3.5444	5	0	33	FullDelay	0.1444	144400	1	5
3.55298	16	0	33	LastDelay	0.152976	152976	1	5
3.55298	16	0	33	FullDelay	0.152976	152976	1	5
3.57328	82	0	33	LastDelay	0.17328	173280	1	6
3.57328	82	0	33	FullDelay	0.17328	173280	1	6
3.57328	97	0	33	LastDelay	0.17328	173280	1	6
3.57328	97	0	33	FullDelay	0.17328	173280	1	6
3.58186	88	0	33	LastDelay	0.181856	181856	1	6
3.58186	88	0	33	FullDelay	0.181856	181856	1	6
3.58664	52	0	34	LastDelay	0.08664	86640	1	3
3.58664	52	0	34	FullDelay	0.08664	86640	1	3
3.58664	58	0	34	LastDelay	0.08664	86640	1	3
3.58664	58	0	34	FullDelay	0.08664	86640	1	3
3.5888	0	0	32	LastDelay	0.2888	288800	1	10
3.5888	0	0	32	FullDelay	0.2888	288800	1	10
3.63104	11	0	33	LastDelay	0.23104	231040	1	8
3.63104	11	0	33	FullDelay	0.23104	231040	1	8
3.63962	91	0	33	LastDelay	0.239616	239616	1	8
3.63962	91	0	33	FullDelay	0.239616	239616	1	8
3.6444	5	0	34	LastDelay	0.1444	144400	1	5
3.6444	5	0	34	FullDelay	0.1444	144400	1	5
3.65298	16	0	34	LastDelay	0.152976	152976	1	5
3.65298	16	0	34	FullDelay	0.152976	152976	1	5
3.67328	82	0	34	LastDelay	0.17328	173280	1	6
3.67328	82	0	34	FullDelay	0.17328	173280	1	6
3.67328	97	0	34	LastDelay	0.17328	173280	1	6
3.67328	97	0	34	FullDelay	0.17328	173280	1	6
3.68186	88	0	34	LastDelay	0.181856	181856	1	6
3.68186	88	0	34	FullDelay	0.181856	181856	1	6
3.68664	52	0	35	LastDelay	0.08664	86640	1	3
3.68664	52	0	35	FullDelay	0.08664	86640	1	3
3.68664	58	0	35	LastDelay	0.08664	86640	1	3
3.68664	58	0	35	FullDelay	0.08664	86640	1	3
3.6888	0	0	33	LastDelay	0.2888	288800	1	10
3.6888	0	0	33	FullDelay	0.2888	288800	1	10
3.73104	11	0	34	LastDelay	0.23104	231040	1	8
3.73104	11	0	34	FullDelay	0.23104	231040	1	8
3.73962	91	0	34	LastDelay	0.239616	239616	1	8
3.73962	91	0	34	FullDelay	0.239616	239616	1	8
3.7444	5	0	35	LastDelay	0.1444	144400	1	5
3.7444	5	0	35	FullDelay	0.1444	144400	1	5
3.75298	16	0	35	LastDelay	0.152976	152976	1	5
3.75298	16	0	35	FullDelay	0.152976	152976	1	5
3.77328	82	0	35	LastDelay	0.17328	173280	1	6
3.77328	82	0	35	FullDelay	0.17328	173280	1	6
3.77328	97	0	35	LastDelay	0.17328	173280	1	6
3.77328	97	0	35	FullDelay	0.17328	173280	1	6
3.78186	88	0	35	LastDelay	0.181856	181856	1	6
3.78186	88	0	35	FullDelay	0.181856	181856	1	6
3.78664	52	0	36	LastDelay	0.08664	86640	1	3
3.78664	52	0	36	FullDelay	0.08664	86640	1	3
3.78664	58	0	36	LastDelay	0.08664	86640	1	3
3.78664	58	0	36	FullDelay	0.08664	86640	1	3
3.7888	0	0	34	LastDelay	0.2888	288800	1	10
3.7888	0	0	34	FullDelay	0.2888	288800	1	10
3.83104	11	0	35	LastDelay	0.23104	231040	1	8
3.83104	11	0	35	FullDelay	0.23104	231040	1	8
3.83962	91	0	35	LastDelay	0.239616	239616	1	8
3.83962	91	0	35	FullDelay	0.239616	239616	1	8
3.8444	5	0	36	LastDelay	0.1444	144400	1	5
3.8444	5	0	36	FullDelay	0.1444	144400	1	5
3.85298	16	0	36	LastDelay	0.152976	152976	1	5
3.85298	16	0	36	FullDelay	0.152976	152976	1	5
3.87328	82	0	36	LastDelay	0.17328	173280	1	6
3.87328	82	0	36	FullDelay	0.17328	173280	1	6
3.87328	97	0	36	LastDelay	0.17328	173280	1	6
3.87328	97	0	36	FullDelay	0.17328	173280	1	6
3.88186	88	0	36	LastDelay	0.181856	181856	1	6
3.88186	88	0	36	FullDelay	0.181856	181856	1	6
3.88664	52	0	37	LastDelay	0.08664	86640	1	3
3.88664	52	0	37	FullDelay	0.08664	86640	1	3
3.88664	58	0	37	LastDelay	0.08664	86640	1	3
3.88664	58	0	37	FullDelay	0.08664	86640	1	3
3.8888	0	0	35	LastDelay	0.2888	288800	1	10
3.8888	0	0	35	FullDelay	0.2888	288800	1	10
3.93104	11	0	36	LastDelay	0.23104	231040	1	8
3.93104	11	0	36	FullDelay	0.23104	231040	1	8
3.93962	91	0	36	LastDelay	0.239616	239616	1	8
3.93962	91	0	36	FullDelay	0.239616	239616	1	8
3.9444	5	0	37	LastDelay	0.1444	144400	1	5
3.9444	5	0	37	FullDelay	0.1444	144400	1	5
3.95298	16	0	37	LastDelay	0.152976	152976	1	5
3.95298	16	0	37	FullDelay	0.152976	152976	1	5
3.97328	82	0	37	LastDelay	0.17328	173280	1	6
3.97328	82	0	37	FullDelay	0.17328	173280	1	6
3.97328	97	0	37	LastDelay	0.17328	173280	1	6
3.97328	97	0	37	FullDelay	0.17328	173280	1	6
3.98186	88	0	37	LastDelay	0.181856	181856	1	6
3.98186	88	0	37	FullDelay	0.181856	181856	1	6
3.98664	52	0	38	LastDelay	0.08664	86640	1	3
3.98664	52	0	38	FullDelay	0.08664	86640	1	3
3.98664	58	0	38	LastDelay	0.08664	86640	1	3
3.98664	58	0	38	FullDelay	0.08664	86640	1	3
3.9888	0	0	36	LastDelay	0.2888	288800	1	10
3.9888	0	0	36	FullDelay	0.2888	288800	1	10
4.03104	11	0	37	LastDelay	0.23104	231040	1	8
4.03104	11	0	37	FullDelay	0.23104	231040	1	8
4.03962	91	0	37	LastDelay	0.239616	239616	1	8
4.03962	91	0	37	FullDelay	0.239616	239616	1	8
4.0444	5	0	38	LastDelay	0.1444	144400	1	5
4.0444	5	0	38	FullDelay	0.1444	144400	1	5
4.05298	16	0	38	LastDelay	0.152976	152976	1	5
4.05298	16	0	38	FullDelay	0.152976	152976	1	5
4.07328	82	0	38	LastDelay	0.17328	173280	1	6
4.07328	82	0	38	FullDelay	0.17328	173280	1	6
4.07328	97	0	38	LastDelay	0.17328	173280	1	6
4.07328	97	0	38	FullDelay	0.17328	173280	1	6
4.08186	88	0	38	LastDelay	0.181856	181856	1	6
4.08186	88	0	38	FullDelay	0.181856	181856	1	6
4.08664	52	0	39	LastDelay	0.08664	86640	1	3
4.08664	52	0	39	FullDelay	0.08664	86640	1	3
4.08664	58	0	39	LastDelay	0.08664	86640	1	3
4.08664	58	0	39	FullDelay	0.08664	86640	1	3
4.0888	0	0	37	LastDelay	0.2888	288800	1	10
4.0888	0	0	37	FullDelay	0.2888	288800	1	10
4.13104	11	0	38	LastDelay	0.23104	231040	1	8
4.13104	11	0	38	FullDelay	0.23104	231040	1	8
4.13962	91	0	38	LastDelay	0.239616	239616	1	8
4.13962	91	0	38	FullDelay	0.239616	239616	1	8
4.1444	5	0	39	LastDelay	0.1444	144400	1	5
4.1444	5	0	39	FullDelay	0.1444	144400	1	5
4.15298	16	0	39	LastDelay	0.152976	152976	1	5
4.15298	16	0	39	FullDelay	0.152976	152976	1	5
4.17328	82	0	39	LastDelay	0.17328	173280	1	6
4.17328	82	0	39	FullDelay	0.17328	173280	1	6
4.17328	97	0	39	LastDelay	0.17328	173280	1	6
4.17328	97	0	39	FullDelay	0.17328	173280	1	6
4.18186	88	0	39	LastDelay	0.181856	181856	1	6
4.18186	88	0	39	FullDelay	0.181856	181856	1	6
4.18664	52	0	40	LastDelay	0.08664	86640	1	3
4.18664	52	0	40	FullDelay	0.08664	86640	1	3
4.18664	58	0	40	LastDelay	0.08664	86640	1	3
4.18664	58	0	40	FullDelay	0.08664	86640	1	3
4.1888	0	0	38	LastDelay	0.2888	288800	1	10
4.1888	0	0	38	FullDelay	0.2888	288800	1	10
4.23104	11	0	39	LastDelay	0.23104	231040	1	8
4.23104	11	0	39	FullDelay	0.23104	231040	1	8
4.23962	91	0	39	LastDelay	0.239616	239616	1	8
4.23962	91	0	39	FullDelay	0.239616	239616	1	8
4.2444	5	0	40	LastDelay	0.1444	144400	1	5
4.2444	5	0	40	FullDelay	0.1444	144400	1	5
4.25298	16	0	40	LastDelay	0.152976	152976	1	5
4.25298	16	0	40	FullDelay	0.152976	152976	1	5
4.27328	82	0	40	LastDelay	0.17328	173280	1	6
4.27328	82	0	40	FullDelay	0.17328	173280	1	6
4.27328	97	0	40	LastDelay	0.17328	173280	1	6
4.27328	97	0	40	FullDelay	0.17328	173280	1	6
4.28186	88	0	40	LastDelay	0.181856	181856	1	6
4.28186	88	0	40	FullDelay	0.181856	181856	1	6
4.28664	52	0	41	LastDelay	0.08664	86640	1	3
4.28664	52	0	41	FullDelay	0.08664	86640	1	3
4.28664	58	0	41	LastDelay	0.08664	86640	1	3
4.28664	58	0	41	FullDelay	0.08664	86640	1	3
4.2888	0	0	39	LastDelay	0.2888	288800	1	10
4.2888	0	0	39	FullDelay	0.2888	288800	1	10
4.33104	11	0	40	LastDelay	0.23104	231040	1	8
4.33104	11	0	40	FullDelay	0.23104	231040	1	8
4.33962	91	0	40	LastDelay	0.239616	239616	1	8
4.33962	91	0	40	FullDelay	0.239616	239616	1	8
4.3444	5	0	41	LastDelay	0.1444	144400	1	5
4.3444	5	0	41	FullDelay	0.1444	144400	1	5
4.35298	16	0	41	LastDelay	0.152976	152976	1	5
4.35298	16	0	41	FullDelay	0.152976	152976	1	5
4.37328	82	0	41	LastDelay	0.17328	173280	1	6
4.37328	82	0	41	FullDelay	0.17328	173280	1	6
4.37328	97	0	41	LastDelay	0.17328	173280	1	6
4.37328	97	0	41	FullDelay	0.17328	173280	1	6
4.38186	88	0	41	LastDelay	0.181856	181856	1	6
4.38186	88	0	41	FullDelay	0.181856	181856	1	6
4.38664	52	0	42	LastDelay	0.08664	86640	1	3
4.38664	52	0	42	FullDelay	0.08664	86640	1	3
4.38664	58	0	42	LastDelay	0.08664	86640	1	3
4.38664	58	0	42	FullDelay	0.08664	86640	1	3
4.3888	0	0	40	LastDelay	0.2888	288800	1	10
4.3888	0	0	40	FullDelay	0.2888	288800	1	10
4.43104	11	0	41	LastDelay	0.23104	231040	1	8
4.43104	11	0	41	FullDelay	0.23104	231040	1	8
4.43962	91	0	41	LastDelay	0.239616	239616	1	8
4.43962	91	0	41	FullDelay	0.239616	239616	1	8
4.4444	5	0	42	LastDelay	0.1444	144400	1	5
4.4444	5	0	42	FullDelay	0.1444	144400	1	5
4.45298	16	0	42	LastDelay	0.152976	152976	1	5
4.45298	16	0	42	FullDelay	0.152976	152976	1	5
4.47328	82	0	42	LastDelay	0.17328	173280	1	6
4.47328	82	0	42	FullDelay	0.17328	173280	1	6
4.47328	97	0	42	LastDelay	0.17328	173280	1	6
4.47328	97	0	42	FullDelay	0.17328	173280	1	6
4.48186	88	0	42	LastDelay	0.181856	181856	1	6
4.48186	88	0	42	FullDelay	0.181856	181856	1	6
4.48664	52	0	43	LastDelay	0.08664	86640	1	3
4.48664	52	0	43	FullDelay	0.08664	86640	1	3
4.48664	58	0	43	LastDelay	0.08664	86640	1	3
4.48664	58	0	43	FullDelay	0.08664	86640	1	3
4.4888	0	0	41	LastDelay	0.2888	288800	1	10
4.4888	0	0	41	FullDelay	0.2888	288800	1	10
4.53104	11	0	42	LastDelay	0.23104	231040	1	8
4.53104	11	0	42	FullDelay	0.23104	231040	1	8
4.53962	91	0	42	LastDelay	0.239616	239616	1	8
4.53962	91	0	42	FullDelay	0.239616	239616	1	8
4.5444	5	0	43	LastDelay	0.1444	144400	1	5
4.5444	5	0	43	FullDelay	0.1444	144400	1	5
4.55298	16	0	43	LastDelay	0.152976	152976	1	5
4.55298	16	0	43	FullDelay	0.152976	152976	1	5
4.57328	82	0	43	LastDelay	0.17328	173280	1	6
4.57328	82	0	43	FullDelay	0.17328	173280	1	6
4.57328	97	0	43	LastDelay	0.17328	173280	1	6
4.57328	97	0	43	FullDelay	0.17328	173280	1	6
4.58186	88	0	43	LastDelay	0.181856	181856	1	6
4.58186	88	0	43	FullDelay	0.181856	181856	1	6
4.58664	52	0	44	LastDelay	0.08664	86640	1	3
4.58664	52	0	44	FullDelay	0.08664	86640	1	3
4.58664	58	0	44	LastDelay	0.08664	86640	1	3
4.58664	58	0	44	FullDelay	0.08664	86640	1	3
4.5888	0	0	42	LastDelay	0.2888	288800	1	10
4.5888	0	0	42	FullDelay	0.2888	288800	1	10
4.63104	11	0	43	LastDelay	0.23104	231040	1	8
4.63104	11	0	43	FullDelay	0.23104	231040	1	8
4.63962	91	0	43	LastDelay	0.239616	239616	1	8
4.63962	91	0	43	FullDelay	0.239616	239616	1	8
4.6444	5	0	44	LastDelay	0.1444	144400	1	5
4.6444	5	0	44	FullDelay	0.1444	144400	1	5
4.65298	16	0	44	LastDelay	0.152976	152976	1	5
4.65298	16	0	44	FullDelay	0.152976	152976	1	5
4.67328	82	0	44	LastDelay	0.17328	173280	1	6
4.67328	82	0	44	FullDelay	0.17328	173280	1	6
4.67328	97	0	44	LastDelay	0.17328	173280	1	6
4.67328	97	0	44	FullDelay	0.17328	173280	1	6
4.68186	88	0	44	LastDelay	0.181856	181856	1	6
4.68186	88	0	44	FullDelay	0.181856	181856	1	6
4.68664	52	0	45	LastDelay	0.08664	86640	1	3
4.68664	52	0	45	FullDelay	0.08664	86640	1	3
4.68664	58	0	45	LastDelay	0.08664	86640	1	3
4.68664	58	0	45	FullDelay	0.08664	86640	1	3
4.6888	0	0	43	LastDelay	0.2888	288800	1	10
4.6888	0	0	43	FullDelay	0.2888	288800	1	10
4.73104	11	0	44	LastDelay	0.23104	231040	1	8
4.73104	11	0	44	FullDelay	0.23104	231040	1	8
4.73962	91	0	44	LastDelay	0.239616	239616	1	8
4.73962	91	0	44	FullDelay	0.239616	239616	1	8
4.7444	5	0	45	LastDelay	0.1444	144400	1	5
4.7444	5	0	45	FullDelay	0.1444	144400	1	5
4.75298	16	0	45	LastDelay	0.152976	152976	1	5
4.75298	16	0	45	FullDelay	0.152976	152976	1	5
4.77328	82	0	45	LastDelay	0.17328	173280	1	6
4.77328	82	0	45	FullDelay	0.17328	173280	1	6
4.77328	97	0	45	LastDelay	0.17328	173280	1	6
4.77328	97	0	45	FullDelay	0.17328	173280	1	6
4.78186	88	0	45	LastDelay	0.181856	181856	1	6
4.78186	88	0	45	FullDelay	0.181856	181856	1	6
4.78664	52	0	46	LastDelay	0.08664	86640	1	3
4.78664	52	0	46	FullDelay	0.08664	86640	1	3
4.78664	58	0	46	LastDelay	0.08664	86640	1	3
4.78664	58	0	46	FullDelay	0.08664	86640	1	3
4.7888	0	0	44	LastDelay	0.2888	288800	1	10
4.7888	0	0	44	FullDelay	0.2888	288800	1	10
4.83104	11	0	45	LastDelay	0.23104	231040	1	8
4.83104	11	0	45	FullDelay	0.23104	231040	1	8
4.83962	91	0	45	LastDelay	0.239616	239616	1	8
4.83962	91	0	45	FullDelay	0.239616	239616	1	8
4.8444	5	0	46	LastDelay	0.1444	144400	1	5
4.8444	5	0	46	FullDelay	0.1444	144400	1	5
4.85298	16	0	46	LastDelay	0.152976	152976	1	5
4.85298	16	0	46	FullDelay	0.152976	152976	1	5
4.87328	82	0	46	LastDelay	0.17328	173280	1	6
4.87328	82	0	46	FullDelay	0.17328	173280	1	6
4.87328	97	0	46	LastDelay	0.17328	173280	1	6
4.87328	97	0	46	FullDelay	0.17328	173280	1	6
4.88186	88	0	46	LastDelay	0.181856	181856	1	6
4.88186	88	0	46	FullDelay	0.181856	181856	1	6
4.88664	52	0	47	LastDelay	0.08664	86640	1	3
4.88664	52	0	47	FullDelay	0.08664	86640	1	3
4.88664	58	0	47	LastDelay	0.08664	86640	1	3
4.88664	58	0	47	FullDelay	0.08664	86640	1	3
4.8888	0	0	45	LastDelay	0.2888	288800	1	10
4.8888	0	0	45	FullDelay	0.2888	288800	1	10
4.93104	11	0	46	LastDelay	0.23104	231040	1	8
4.93104	11	0	46	FullDelay	0.23104	231040	1	8
4.93962	91	0	46	LastDelay	0.239616	239616	1	8
4.93962	91	0	46	FullDelay	0.239616	239616	1	8
4.9444	5	0	47	LastDelay	0.1444	144400	1	5
4.9444	5	0	47	FullDelay	0.1444	144400	1	5
4.95298	16	0	47	LastDelay	0.152976	152976	1	5
4.95298	16	0	47	FullDelay	0.152976	152976	1	5
4.97328	82	0	47	LastDelay	0.17328	173280	1	6
4.97328	82	0	47	FullDelay	0.17328	173280	1	6
4.97328	97	0	47	LastDelay	0.17328	173280	1	6
4.97328	97	0	47	FullDelay	0.17328	173280	1	6
4.98186	88	0	47	LastDelay	0.181856	181856	1	6
4.98186	88	0	47	FullDelay	0.181856	181856	1	6
4.98664	52	0	48	LastDelay	0.08664	86640	1	3
4.98664	52	0	48	FullDelay	0.08664	86640	1	3
4.98664	58	0	48	LastDelay	0.08664	86640	1	3
4.98664	58	0	48	FullDelay	0.08664	86640	1	3
4.9888	0	0	46	LastDelay	0.2888	288800	1	10
4.9888	0	0	46	FullDelay	0.2888	288800	1	10
5.03104	11	0	47	LastDelay	0.23104	231040	1	8
5.03104	11	0	47	FullDelay	0.23104	231040	1	8
5.03962	91	0	47	LastDelay	0.239616	239616	1	8
5.03962	91	0	47	FullDelay	0.239616	239616	1	8
5.0444	5	0	48	LastDelay	0.1444	144400	1	5
5.0444	5	0	48	FullDelay	0.1444	144400	1	5
5.05298	16	0	48	LastDelay	0.152976	152976	1	5
5.05298	16	0	48	FullDelay	0.152976	152976	1	5
5.07328	82	0	48	LastDelay	0.17328	173280	1	6
5.07328	82	0	48	FullDelay	0.17328	173280	1	6
5.07328	97	0	48	LastDelay	0.17328	173280	1	6
5.07328	97	0	48	FullDelay	0.17328	173280	1	6
5.08186	88	0	48	LastDelay	0.181856	181856	1	6
5.08186	88	0	48	FullDelay	0.181856	181856	1	6
5.08664	52	0	49	LastDelay	0.08664	86640	1	3
5.08664	52	0	49	FullDelay	0.08664	86640	1	3
5.08664	58	0	49	LastDelay	0.08664	86640	1	3
5.08664	58	0	49	FullDelay	0.08664	86640	1	3
5.0888	0	0	47	LastDelay	0.2888	288800	1	10
5.0888	0	0	47	FullDelay	0.2888	288800	1	10
5.13104	11	0	48	LastDelay	0.23104	231040	1	8
5.13104	11	0	48	FullDelay	0.23104	231040	1	8
5.13962	91	0	48	LastDelay	0.239616	239616	1	8
5.13962	91	0	48	FullDelay	0.239616	239616	1	8
5.1444	5	0	49	LastDelay	0.1444	144400	1	5
5.1444	5	0	49	FullDelay	0.1444	144400	1	5
5.15298	16	0	49	LastDelay	0.152976	152976	1	5
5.15298	16	0	49	FullDelay	0.152976	152976	1	5
5.17328	82	0	49	LastDelay	0.17328	173280	1	6
5.17328	82	0	49	FullDelay	0.17328	173280	1	6
5.17328	97	0	49	LastDelay	0.17328	173280	1	6
5.17328	97	0	49	FullDelay	0.17328	173280	1	6
5.18186	88	0	49	LastDelay	0.181856	181856	1	6
5.18186	88	0	49	FullDelay	0.181856	181856	1	6
5.18664	52	0	50	LastDelay	0.08664	86640	1	3
5.18664	52	0	50	FullDelay	0.08664	86640	1	3
5.18664	58	0	50	LastDelay	0.08664	86640	1	3
5.18664	58	0	50	FullDelay	0.08664	86640	1	3
5.1888	0	0	48	LastDelay	0.2888	288800	1	10
5.1888	0	0	48	FullDelay	0.2888	288800	1	10
5.23104	11	0	49	LastDelay	0.23104	231040	1	8
5.23104	11	0	49	FullDelay	0.23104	231040	1	8
5.23962	91	0	49	LastDelay	0.239616	239616	1	8
5.23962	91	0	49	FullDelay	0.239616	239616	1	8
5.2444	5	0	50	LastDelay	0.1444	144400	1	5
5.2444	5	0	50	FullDelay	0.1444	144400	1	5
5.25298	16	0	50	LastDelay	0.152976	152976	1	5
5.25298	16	0	50	FullDelay	0.152976	152976	1	5
5.27328	82	0	50	LastDelay	0.17328	173280	1	6
5.27328	82	0	50	FullDelay	0.17328	173280	1	6
5.27328	97	0	50	LastDelay	0.17328	173280	1	6
5.27328	97	0	50	FullDelay	0.17328	173280	1	6
5.28186	88	0	50	LastDelay	0.181856	181856	1	6
5.28186	88	0	50	FullDelay	0.181856	181856	1	6
5.28664	52	0	51	LastDelay	0.08664	86640	1	3
5.28664	52	0	51	FullDelay	0.08664	86640	1	3
5.28664	58	0	51	LastDelay	0.08664	86640	1	3
5.28664	58	0	51	FullDelay	0.08664	86640	1	3
5.2888	0	0	49	LastDelay	0.2888	288800	1	10
5.2888	0	0	49	FullDelay	0.2888	288800	1	10
5.33104	11	0	50	LastDelay	0.23104	231040	1	8
5.33104	11	0	50	FullDelay	0.23104	231040	1	8
5.33962	91	0	50	LastDelay	0.239616	239616	1	8
5.33962	91	0	50	FullDelay	0.239616	239616	1	8
5.3444	5	0	51	LastDelay	0.1444	144400	1	5
5.3444	5	0	51	FullDelay	0.1444	144400	1	5
5.35298	16	0	51	LastDelay	0.152976	152976	1	5
5.35298	16	0	51	FullDelay	0.152976	152976	1	5
5.37328	82	0	51	LastDelay	0.17328	173280	1	6
5.37328	82	0	51	FullDelay	0.17328	173280	1	6
5.37328	97	0	51	LastDelay	0.17328	173280	1	6
5.37328	97	0	51	FullDelay	0.17328	173280	1	6
5.38186	88	0	51	LastDelay	0.181856	181856	1	6
5.38186	88	0	51	FullDelay	0.181856	181856	1	6
5.38664	52	0	52	LastDelay	0.08664	86640	1	3
5.38664	52	0	52	FullDelay	0.08664	86640	1	3
5.38664	58	0	52	LastDelay	0.08664	86640	1	3
5.38664	58	0	52	FullDelay	0.08664	86640	1	3
5.3888	0	0	50	LastDelay	0.2888	288800	1	10
5.3888	0	0	50	FullDelay	0.2888	288800	1	10
5.43104	11	0	51	LastDelay	0.23104	231040	1	8
5.43104	11	0	51	FullDelay	0.23104	231040	1	8
5.43962	91	0	51	LastDelay	0.239616	239616	1	8
5.43962	91	0	51	FullDelay	0.239616	239616	1	8
5.4444	5	0	52	LastDelay	0.1444	144400	1	5
5.4444	5	0	52	FullDelay	0.1444	144400	1	5
5.45298	16	0	52	LastDelay	0.152976	152976	1	5
5.45298	16	0	52	FullDelay	0.152976	152976	1	5
5.47328	82	0	52	LastDelay	0.17328	173280	1	6
5.47328	82	0	52	FullDelay	0.17328	173280	1	6
5.47328	97	0	52	LastDelay	0.17328	173280	1	6
5.47328	97	0	52	FullDelay	0.17328	173280	1	6
5.48186	88	0	52	LastDelay	0.181856	181856	1	6
5.48186	88	0	52	FullDelay	0.181856	181856	1	6
5.48664	52	0	53	LastDelay	0.08664	86640	1	3
5.48664	52	0	53	FullDelay	0.08664	86640	1	3
5.48664	58	0	53	LastDelay	0.08664	86640	1	3
5.48664	58	0	53	FullDelay	0.08664	86640	1	3
5.4888	0	0	51	LastDelay	0.2888	288800	1	10
5.4888	0	0	51	FullDelay	0.2888	288800	1	10
5.53104	11	0	52	LastDelay	0.23104	231040	1	8
5.53104	11	0	52	FullDelay	0.23104	231040	1	8
5.53962	91	0	52	LastDelay	0.239616	239616	1	8
5.53962	91	0	52	FullDelay	0.239616	239616	1	8
5.5444	5	0	53	LastDelay	0.1444	144400	1	5
5.5444	5	0	53	FullDelay	0.1444	144400	1	5
5.55298	16	0	53	LastDelay	0.152976	152976	1	5
5.55298	16	0	53	FullDelay	0.152976	152976	1	5
5.57328	82	0	53	LastDelay	0.17328	173280	1	6
5.57328	82	0	53	FullDelay	0.17328	173280	1	6
5.57328	97	0	53	LastDelay	0.17328	173280	1	6
5.57328	97	0	53	FullDelay	0.17328	173280	1	6
5.58186	88	0	53	LastDelay	0.181856	181856	1	6
5.58186	88	0	53	FullDelay	0.181856	181856	1	6
5.58664	52	0	54	LastDelay	0.08664	86640	1	3
5.58664	52	0	54	FullDelay	0.08664	86640	1	3
5.58664	58	0	54	LastDelay	0.08664	86640	1	3
5.58664	58	0	54	FullDelay	0.08664	86640	1	3
5.5888	0	0	52	LastDelay	0.2888	288800	1	10
5.5888	0	0	52	FullDelay	0.2888	288800	1	10
5.63104	11	0	53	LastDelay	0.23104	231040	1	8
5.63104	11	0	53	FullDelay	0.23104	231040	1	8
5.63962	91	0	53	LastDelay	0.239616	239616	1	8
5.63962	91	0	53	FullDelay	0.239616	239616	1	8
5.6444	5	0	54	LastDelay	0.1444	144400	1	5
5.6444	5	0	54	FullDelay	0.1444	144400	1	5
5.65298	16	0	54	LastDelay	0.152976	152976	1	5
5.65298	16	0	54	FullDelay	0.152976	152976	1	5
5.67328	82	0	54	LastDelay	0.17328	173280	1	6
5.67328	82	0	54	FullDelay	0.17328	173280	1	6
5.67328	97	0	54	LastDelay	0.17328	173280	1	6
5.67328	97	0	54	FullDelay	0.17328	173280	1	6
5.68186	88	0	54	LastDelay	0.181856	181856	1	6
5.68186	88	0	54	FullDelay	0.181856	181856	1	6
5.68664	52	0	55	LastDelay	0.08664	86640	1	3
5.68664	52	0	55	FullDelay	0.08664	86640	1	3
5.68664	58	0	55	LastDelay	0.08664	86640	1	3
5.68664	58	0	55	FullDelay	0.08664	86640	1	3
5.6888	0	0	53	LastDelay	0.2888	288800	1	10
5.6888	0	0	53	FullDelay	0.2888	288800	1	10
5.73104	11	0	54	LastDelay	0.23104	231040	1	8
5.73104	11	0	54	FullDelay	0.23104	231040	1	8
5.73962	91	0	54	LastDelay	0.239616	239616	1	8
5.73962	91	0	54	FullDelay	0.239616	239616	1	8
5.7444	5	0	55	LastDelay	0.1444	144400	1	5
5.7444	5	0	55	FullDelay	0.1444	144400	1	5
5.75298	16	0	55	LastDelay	0.152976	152976	1	5
5.75298	16	0	55	FullDelay	0.152976	152976	1	5
5.77328	82	0	55	LastDelay	0.17328	173280	1	6
5.77328	82	0	55	FullDelay	0.17328	173280	1	6
5.77328	97	0	55	LastDelay	0.17328	173280	1	6
5.77328	97	0	55	FullDelay	0.17328	173280	1	6
5.78186	88	0	55	LastDelay	0.181856	181856	1	6
5.78186	88	0	55	FullDelay	0.181856	181856	1	6
5.78664	52	0	56	LastDelay	0.08664	86640	1	3
5.78664	52	0	56	FullDelay	0.08664	86640	1	3
5.78664	58	0	56	LastDelay	0.08664	86640	1	3
5.78664	58	0	56	FullDelay	0.08664	86640	1	3
5.7888	0	0	54	LastDelay	0.2888	288800	1	10
5.7888	0	0	54	FullDelay	0.2888	288800	1	10
5.83104	11	0	55	LastDelay	0.23104	231040	1	8
5.83104	11	0	55	FullDelay	0.23104	231040	1	8
5.83962	91	0	55	LastDelay	0.239616	239616	1	8
5.83962	91	0	55	FullDelay	0.239616	239616	1	8
5.8444	5	0	56	LastDelay	0.1444	144400	1	5
5.8444	5	0	56	FullDelay	0.1444	144400	1	5
5.85298	16	0	56	LastDelay	0.152976	152976	1	5
5.85298	16	0	56	FullDelay	0.152976	152976	1	5
5.87328	82	0	56	LastDelay	0.17328	173280	1	6
5.87328	82	0	56	FullDelay	0.17328	173280	1	6
5.87328	97	0	56	LastDelay	0.17328	173280	1	6
5.87328	97	0	56	FullDelay	0.17328	173280	1	6
5.88186	88	0	56	LastDelay	0.181856	181856	1	6
5.88186	88	0	56	FullDelay	0.181856	181856	1	6
5.88664	52	0	57	LastDelay	0.08664	86640	1	3
5.88664	52	0	57	FullDelay	0.08664	86640	1	3
5.88664	58	0	57	LastDelay	0.08664	86640	1	3
5.88664	58	0	57	FullDelay	0.08664	86640	1	3
5.8888	0	0	55	LastDelay	0.2888	288800	1	10
5.8888	0	0	55	FullDelay	0.2888	288800	1	10
5.93104	11	0	56	LastDelay	0.23104	231040	1	8
5.93104	11	0	56	FullDelay	0.23104	231040	1	8
5.93962	91	0	56	LastDelay	0.239616	239616	1	8
5.93962	91	0	56	FullDelay	0.239616	239616	1	8
5.9444	5	0	57	LastDelay	0.1444	144400	1	5
5.9444	5	0	57	FullDelay	0.1444	144400	1	5
5.95298	16	0	57	LastDelay	0.152976	152976	1	5
5.95298	16	0	57	FullDelay	0.152976	152976	1	5
5.97328	82	0	57	LastDelay	0.17328	173280	1	6
5.97328	82	0	57	FullDelay	0.17328	173280	1	6
5.97328	97	0	57	LastDelay	0.17328	173280	1	6
5.97328	97	0	57	FullDelay	0.17328	173280	1	6
5.98186	88	0	57	LastDelay	0.181856	181856	1	6
5.98186	88	0	57	FullDelay	0.181856	181856	1	6
5.98664	52	0	58	LastDelay	0.08664	86640	1	3
5.98664	52	0	58	FullDelay	0.08664	86640	1	3
5.98664	58	0	58	LastDelay	0.08664	86640	1	3
5.98664	58	0	58	FullDelay	0.08664	86640	1	3
5.9888	0	0	56	LastDelay	0.2888	288800	1	10
5.9888	0	0	56	FullDelay	0.2888	288800	1	10
6.03104	11	0	57	LastDelay	0.23104	231040	1	8
6.03104	11	0	57	FullDelay	0.23104	231040	1	8
6.03962	91	0	57	LastDelay	0.239616	239616	1	8
6.03962	91	0	57	FullDelay	0.239616	239616	1	8
6.0444	5	0	58	LastDelay	0.1444	144400	1	5
6.0444	5	0	58	FullDelay	0.1444	144400	1	5
6.05298	16	0	58	LastDelay	0.152976	152976	1	5
6.05298	16	0	58	FullDelay	0.152976	152976	1	5
6.07328	82	0	58	LastDelay	0.17328	173280	1	6
6.07328	82	0	58	FullDelay	0.17328	173280	1	6
6.07328	97	0	58	LastDelay	0.17328	173280	1	6
6.07328	97	0	58	FullDelay	0.17328	173280	1	6
6.08186	88	0	58	LastDelay	0.181856	181856	1	6
6.08186	88	0	58	FullDelay	0.181856	181856	1	6
6.08664	52	0	59	LastDelay	0.08664	86640	1	3
6.08664	52	0	59	FullDelay	0.08664	86640	1	3
6.08664	58	0	59	LastDelay	0.08664	86640	1	3
6.08664	58	0	59	FullDelay	0.08664	86640	1	3
6.0888	0	0	57	LastDelay	0.2888	288800	1	10
6.0888	0	0	57	FullDelay	0.2888	288800	1	10
6.13104	11	0	58	LastDelay	0.23104	231040	1	8
6.13104	11	0	58	FullDelay	0.23104	231040	1	8
6.13962	91	0	58	LastDelay	0.239616	239616	1	8
6.13962	91	0	58	FullDelay	0.239616	239616	1	8
6.1444	5	0	59	LastDelay	0.1444	144400	1	5
6.1444	5	0	59	FullDelay	0.1444	144400	1	5
6.15298	16	0	59	LastDelay	0.152976	152976	1	5
6.15298	16	0	59	FullDelay	0.152976	152976	1	5
6.17328	82	0	59	LastDelay	0.17328	173280	1	6
6.17328	82	0	59	FullDelay	0.17328	173280	1	6
6.17328	97	0	59	LastDelay	0.17328	173280	1	6
6.17328	97	0	59	FullDelay	0.17328	173280	1	6
6.18186	88	0	59	LastDelay	0.181856	181856	1	6
6.18186	88	0	59	FullDelay	0.181856	181856	1	6
6.18664	52	0	60	LastDelay	0.08664	86640	1	3
6.18664	52	0	60	FullDelay	0.08664	86640	1	3
6.18664	58	0	60	LastDelay	0.08664	86640	1	3
6.18664	58	0	60	FullDelay	0.08664	86640	1	3
6.1888	0	0	58	LastDelay	0.2888	288800	1	10
6.1888	0	0	58	FullDelay	0.2888	288800	1	10
6.23104	11	0	59	LastDelay	0.23104	231040	1	8
6.23104	11	0	59	FullDelay	0.23104	231040	1	8
6.23962	91	0	59	LastDelay	0.239616	239616	1	8
6.23962	91	0	59	FullDelay	0.239616	239616	1	8
6.2444	5	0	60	LastDelay	0.1444	144400	1	5
6.2444	5	0	60	FullDelay	0.1444	144400	1	5
6.25298	16	0	60	LastDelay	0.152976	152976	1	5
6.25298	16	0	60	FullDelay	0.152976	152976	1	5
6.27328	82	0	60	LastDelay	0.17328	173280	1	6
6.27328	82	0	60	FullDelay	0.17328	173280	1	6
6.27328	97	0	60	LastDelay	0.17328	173280	1	6
6.27328	97	0	60	FullDelay	0.17328	173280	1	6
6.28186	88	0	60	LastDelay	0.181856	181856	1	6
6.28186	88	0	60	FullDelay	0.181856	181856	1	6
6.28664	52	0	61	LastDelay	0.08664	86640	1	3
6.28664	52	0	61	FullDelay	0.08664	86640	1	3
6.28664	58	0	61	LastDelay	0.08664	86640	1	3
6.28664	58	0	61	FullDelay	0.08664	86640	1	3
6.2888	0	0	59	LastDelay	0.2888	288800	1	10
6.2888	0	0	59	FullDelay	0.2888	288800	1	10
6.33104	11	0	60	LastDelay	0.23104	231040	1	8
6.33104	11	0	60	FullDelay	0.23104	231040	1	8
6.33962	91	0	60	LastDelay	0.239616	239616	1	8
6.33962	91	0	60	FullDelay	0.239616	239616	1	8
6.3444	5	0	61	LastDelay	0.1444	144400	1	5
6.3444	5	0	61	FullDelay	0.1444	144400	1	5
6.35298	16	0	61	LastDelay	0.152976	152976	1	5
6.35298	16	0	61	FullDelay	0.152976	152976	1	5
6.37328	82	0	61	LastDelay	0.17328	173280	1	6
6.37328	82	0	61	FullDelay	0.17328	173280	1	6
6.37328	97	0	61	LastDelay	0.17328	173280	1	6
6.37328	97	0	61	FullDelay	0.17328	173280	1	6
6.38186	88	0	61	LastDelay	0.181856	181856	1	6
6.38186	88	0	61	FullDelay	0.181856	181856	1	6
6.38664	52	0	62	LastDelay	0.08664	86640	1	3
6.38664	52	0	62	FullDelay	0.08664	86640	1	3
6.38664	58	0	62	LastDelay	0.08664	86640	1	3
6.38664	58	0	62	FullDelay	0.08664	86640	1	3
6.3888	0	0	60	LastDelay	0.2888	288800	1	10
6.3888	0	0	60	FullDelay	0.2888	288800	1	10
6.43104	11	0	61	LastDelay	0.23104	231040	1	8
6.43104	11	0	61	FullDelay	0.23104	231040	1	8
6.43962	91	0	61	LastDelay	0.239616	239616	1	8
6.43962	91	0	61	FullDelay	0.239616	239616	1	8
6.4444	5	0	62	LastDelay	0.1444	144400	1	5
6.4444	5	0	62	FullDelay	0.1444	144400	1	5
6.45298	16	0	62	LastDelay	0.152976	152976	1	5
6.45298	16	0	62	FullDelay	0.152976	152976	1	5
6.47328	82	0	62	LastDelay	0.17328	173280	1	6
6.47328	82	0	62	FullDelay	0.17328	173280	1	6
6.47328	97	0	62	LastDelay	0.17328	173280	1	6
6.47328	97	0	62	FullDelay	0.17328	173280	1	6
6.48186	88	0	62	LastDelay	0.181856	181856	1	6
6.48186	88	0	62	FullDelay	0.181856	181856	1	6
6.48664	52	0	63	LastDelay	0.08664	86640	1	3
6.48664	52	0	63	FullDelay	0.08664	86640	1	3
6.48664	58	0	63	LastDelay	0.08664	86640	1	3
6.48664	58	0	63	FullDelay	0.08664	86640	1	3
6.4888	0	0	61	LastDelay	0.2888	288800	1	10
6.4888	0	0	61	FullDelay	0.2888	288800	1	10
6.53104	11	0	62	LastDelay	0.23104	231040	1	8
6.53104	11	0	62	FullDelay	0.23104	231040	1	8
6.53962	91	0	62	LastDelay	0.239616	239616	1	8
6.53962	91	0	62	FullDelay	0.239616	239616	1	8
6.5444	5	0	63	LastDelay	0.1444	144400	1	5
6.5444	5	0	63	FullDelay	0.1444	144400	1	5
6.55298	16	0	63	LastDelay	0.152976	152976	1	5
6.55298	16	0	63	FullDelay	0.152976	152976	1	5
6.57328	82	0	63	LastDelay	0.17328	173280	1	6
6.57328	82	0	63	FullDelay	0.17328	173280	1	6
6.57328	97	0	63	LastDelay	0.17328	173280	1	6
6.57328	97	0	63	FullDelay	0.17328	173280	1	6
6.58186	88	0	63	LastDelay	0.181856	181856	1	6
6.58186	88	0	63	FullDelay	0.181856	181856	1	6
6.58664	52	0	64	LastDelay	0.08664	86640	1	3
6.58664	52	0	64	FullDelay	0.08664	86640	1	3
6.58664	58	0	64	LastDelay	0.08664	86640	1	3
6.58664	58	0	64	FullDelay	0.08664	86640	1	3
6.5888	0	0	62	LastDelay	0.2888	288800	1	10
6.5888	0	0	62	FullDelay	0.2888	288800	1	10
6.63104	11	0	63	LastDelay	0.23104	231040	1	8
6.63104	11	0	63	FullDelay	0.23104	231040	1	8
6.63962	91	0	63	LastDelay	0.239616	239616	1	8
6.63962	91	0	63	FullDelay	0.239616	239616	1	8
6.6444	5	0	64	LastDelay	0.1444	144400	1	5
6.6444	5	0	64	FullDelay	0.1444	144400	1	5
6.65298	16	0	64	LastDelay	0.152976	152976	1	5
6.65298	16	0	64	FullDelay	0.152976	152976	1	5
6.67328	82	0	64	LastDelay	0.17328	173280	1	6
6.67328	82	0	64	FullDelay	0.17328	173280	1	6
6.67328	97	0	64	LastDelay	0.17328	173280	1	6
6.67328	97	0	64	FullDelay	0.17328	173280	1	6
6.68186	88	0	64	LastDelay	0.181856	181856	1	6
6.68186	88	0	64	FullDelay	0.181856	181856	1	6
6.68664	52	0	65	LastDelay	0.08664	86640	1	3
6.68664	52	0	65	FullDelay	0.08664	86640	1	3
6.68664	58	0	65	LastDelay	0.08664	86640	1	3
6.68664	58	0	65	FullDelay	0.08664	86640	1	3
6.6888	0	0	63	LastDelay	0.2888	288800	1	10
6.6888	0	0	63	FullDelay	0.2888	288800	1	10
6.73104	11	0	64	LastDelay	0.23104	231040	1	8
6.73104	11	0	64	FullDelay	0.23104	231040	1	8
6.73962	91	0	64	LastDelay	0.239616	239616	1	8
6.73962	91	0	64	FullDelay	0.239616	239616	1	8
6.7444	5	0	65	LastDelay	0.1444	144400	1	5
6.7444	5	0	65	FullDelay	0.1444	144400	1	5
6.75298	16	0	65	LastDelay	0.152976	152976	1	5
6.75298	16	0	65	FullDelay	0.152976	152976	1	5
6.77328	82	0	65	LastDelay	0.17328	173280	1	6
6.77328	82	0	65	FullDelay	0.17328	173280	1	6
6.77328	97	0	65	LastDelay	0.17328	173280	1	6
6.77328	97	0	65	FullDelay	0.17328	173280	1	6
6.78186	88	0	65	LastDelay	0.181856	181856	1	6
6.78186	88	0	65	FullDelay	0.181856	181856	1	6
6.78664	52	0	66	LastDelay	0.08664	86640	1	3
6.78664	52	0	66	FullDelay	0.08664	86640	1	3
6.78664	58	0	66	LastDelay	0.08664	86640	1	3
6.78664	58	0	66	FullDelay	0.08664	86640	1	3
6.7888	0	0	64	LastDelay	0.2888	288800	1	10
6.7888	0	0	64	FullDelay	0.2888	288800	1	10
6.83104	11	0	65	LastDelay	0.23104	231040	1	8
6.83104	11	0	65	FullDelay	0.23104	231040	1	8
6.83962	91	0	65	LastDelay	0.239616	239616	1	8
6.83962	91	0	65	FullDelay	0.239616	239616	1	8
6.8444	5	0	66	LastDelay	0.1444	144400	1	5
6.8444	5	0	66	FullDelay	0.1444	144400	1	5
6.85298	16	0	66	LastDelay	0.152976	152976	1	5
6.85298	16	0	66	FullDelay	0.152976	152976	1	5
6.87328	82	0	66	LastDelay	0.17328	173280	1	6
6.87328	82	0	66	FullDelay	0.17328	173280	1	6
6.87328	97	0	66	LastDelay	0.17328	173280	1	6
6.87328	97	0	66	FullDelay	0.17328	173280	1	6
6.88186	88	0	66	LastDelay	0.181856	181856	1	6
6.88186	88	0	66	FullDelay	0.181856	181856	1	6
6.88664	52	0	67	LastDelay	0.08664	86640	1	3
6.88664	52	0	67	FullDelay	0.08664	86640	1	3
6.88664	58	0	67	LastDelay	0.08664	86640	1	3
6.88664	58	0	67	FullDelay	0.08664	86640	1	3
6.8888	0	0	65	LastDelay	0.2888	288800	1	10
6.8888	0	0	65	FullDelay	0.2888	288800	1	10
6.93104	11	0	66	LastDelay	0.23104	231040	1	8
6.93104	11	0	66	FullDelay	0.23104	231040	1	8
6.93962	91	0	66	LastDelay	0.239616	239616	1	8
6.93962	91	0	66	FullDelay	0.239616	239616	1	8
6.9444	5	0	67	LastDelay	0.1444	144400	1	5
6.9444	5	0	67	FullDelay	0.1444	144400	1	5
6.95298	16	0	67	LastDelay	0.152976	152976	1	5
6.95298	16	0	67	FullDelay	0.152976	152976	1	5
6.97328	82	0	67	LastDelay	0.17328	173280	1	6
6.97328	82	0	67	FullDelay	0.17328	173280	1	6
6.97328	97	0	67	LastDelay	0.17328	173280	1	6
6.97328	97	0	67	FullDelay	0.17328	173280	1	6
6.98186	88	0	67	LastDelay	0.181856	181856	1	6
6.98186	88	0	67	FullDelay	0.181856	181856	1	6
6.98664	52	0	68	LastDelay	0.08664	86640	1	3
6.98664	52	0	68	FullDelay	0.08664	86640	1	3
6.98664	58	0	68	LastDelay	0.08664	86640	1	3
6.98664	58	0	68	FullDelay	0.08664	86640	1	3
6.9888	0	0	66	LastDelay	0.2888	288800	1	10
6.9888	0	0	66	FullDelay	0.2888	288800	1	10
7.03104	11	0	67	LastDelay	0.23104	231040	1	8
7.03104	11	0	67	FullDelay	0.23104	231040	1	8
7.03962	91	0	67	LastDelay	0.239616	239616	1	8
7.03962	91	0	67	FullDelay	0.239616	239616	1	8
7.0444	5	0	68	LastDelay	0.1444	144400	1	5
7.0444	5	0	68	FullDelay	0.1444	144400	1	5
7.05298	16	0	68	LastDelay	0.152976	152976	1	5
7.05298	16	0	68	FullDelay	0.152976	152976	1	5
7.07328	82	0	68	LastDelay	0.17328	173280	1	6
7.07328	82	0	68	FullDelay	0.17328	173280	1	6
7.07328	97	0	68	LastDelay	0.17328	173280	1	6
7.07328	97	0	68	FullDelay	0.17328	173280	1	6
7.08186	88	0	68	LastDelay	0.181856	181856	1	6
7.08186	88	0	68	FullDelay	0.181856	181856	1	6
7.08664	52	0	69	LastDelay	0.08664	86640	1	3
7.08664	52	0	69	FullDelay	0.08664	86640	1	3
7.08664	58	0	69	LastDelay	0.08664	86640	1	3
7.08664	58	0	69	FullDelay	0.08664	86640	1	3
7.0888	0	0	67	LastDelay	0.2888	288800	1	10
7.0888	0	0	67	FullDelay	0.2888	288800	1	10
7.13104	11	0	68	LastDelay	0.23104	231040	1	8
7.13104	11	0	68	FullDelay	0.23104	231040	1	8
7.13962	91	0	68	LastDelay	0.239616	239616	1	8
7.13962	91	0	68	FullDelay	0.239616	239616	1	8
7.1444	5	0	69	LastDelay	0.1444	144400	1	5
7.1444	5	0	69	FullDelay	0.1444	144400	1	5
7.15298	16	0	69	LastDelay	0.152976	152976	1	5
7.15298	16	0	69	FullDelay	0.152976	152976	1	5
7.17328	82	0	69	LastDelay	0.17328	173280	1	6
7.17328	82	0	69	FullDelay	0.17328	173280	1	6
7.17328	97	0	69	LastDelay	0.17328	173280	1	6
7.17328	97	0	69	FullDelay	0.17328	173280	1	6
7.18186	88	0	69	LastDelay	0.181856	181856	1	6
7.18186	88	0	69	FullDelay	0.181856	181856	1	6
7.18664	52	0	70	LastDelay	0.08664	86640	1	3
7.18664	52	0	70	FullDelay	0.08664	86640	1	3
7.18664	58	0	70	LastDelay	0.08664	86640	1	3
7.18664	58	0	70	FullDelay	0.08664	86640	1	3
7.1888	0	0	68	LastDelay	0.2888	288800	1	10
7.1888	0	0	68	FullDelay	0.2888	288800	1	10
7.23104	11	0	69	LastDelay	0.23104	231040	1	8
7.23104	11	0	69	FullDelay	0.23104	231040	1	8
7.23962	91	0	69	LastDelay	0.239616	239616	1	8
7.23962	91	0	69	FullDelay	0.239616	239616	1	8
7.2444	5	0	70	LastDelay	0.1444	144400	1	5
7.2444	5	0	70	FullDelay	0.1444	144400	1	5
7.25298	16	0	70	LastDelay	0.152976	152976	1	5
7.25298	16	0	70	FullDelay	0.152976	152976	1	5
7.27328	82	0	70	LastDelay	0.17328	173280	1	6
7.27328	82	0	70	FullDelay	0.17328	173280	1	6
7.27328	97	0	70	LastDelay	0.17328	173280	1	6
7.27328	97	0	70	FullDelay	0.17328	173280	1	6
7.28186	88	0	70	LastDelay	0.181856	181856	1	6
7.28186	88	0	70	FullDelay	0.181856	181856	1	6
7.28664	52	0	71	LastDelay	0.08664	86640	1	3
7.28664	52	0	71	FullDelay	0.08664	86640	1	3
7.28664	58	0	71	LastDelay	0.08664	86640	1	3
7.28664	58	0	71	FullDelay	0.08664	86640	1	3
7.2888	0	0	69	LastDelay	0.2888	288800	1	10
7.2888	0	0	69	FullDelay	0.2888	288800	1	10
7.33104	11	0	70	LastDelay	0.23104	231040	1	8
7.33104	11	0	70	FullDelay	0.23104	231040	1	8
7.33962	91	0	70	LastDelay	0.239616	239616	1	8
7.33962	91	0	70	FullDelay	0.239616	239616	1	8
7.3444	5	0	71	LastDelay	0.1444	144400	1	5
7.3444	5	0	71	FullDelay	0.1444	144400	1	5
7.35298	16	0	71	LastDelay	0.152976	152976	1	5
7.35298	16	0	71	FullDelay	0.152976	152976	1	5
7.37328	82	0	71	LastDelay	0.17328	173280	1	6
7.37328	82	0	71	FullDelay	0.17328	173280	1	6
7.37328	97	0	71	LastDelay	0.17328	173280	1	6
7.37328	97	0	71	FullDelay	0.17328	173280	1	6
7.38186	88	0	71	LastDelay	0.181856	181856	1	6
7.38186	88	0	71	FullDelay	0.181856	181856	1	6
7.38664	52	0	72	LastDelay	0.08664	86640	1	3
7.38664	52	0	72	FullDelay	0.08664	86640	1	3
7.38664	58	0	72	LastDelay	0.08664	86640	1	3
7.38664	58	0	72	FullDelay	0.08664	86640	1	3
7.3888	0	0	70	LastDelay	0.2888	288800	1	10
7.3888	0	0	70	FullDelay	0.2888	288800	1	10
7.43104	11	0	71	LastDelay	0.23104	231040	1	8
7.43104	11	0	71	FullDelay	0.23104	231040	1	8
7.43962	91	0	71	LastDelay	0.239616	239616	1	8
7.43962	91	0	71	FullDelay	0.239616	239616	1	8
7.4444	5	0	72	LastDelay	0.1444	144400	1	5
7.4444	5	0	72	FullDelay	0.1444	144400	1	5
7.45298	16	0	72	LastDelay	0.152976	152976	1	5
7.45298	16	0	72	FullDelay	0.152976	152976	1	5
7.47328	82	0	72	LastDelay	0.17328	173280	1	6
7.47328	82	0	72	FullDelay	0.17328	173280	1	6
7.47328	97	0	72	LastDelay	0.17328	173280	1	6
7.47328	97	0	72	FullDelay	0.17328	173280	1	6
7.48186	88	0	72	LastDelay	0.181856	181856	1	6
7.48186	88	0	72	FullDelay	0.181856	181856	1	6
7.48664	52	0	73	LastDelay	0.08664	86640	1	3
7.48664	52	0	73	FullDelay	0.08664	86640	1	3
7.48664	58	0	73	LastDelay	0.08664	86640	1	3
7.48664	58	0	73	FullDelay	0.08664	86640	1	3
7.4888	0	0	71	LastDelay	0.2888	288800	1	10
7.4888	0	0	71	FullDelay	0.2888	288800	1	10
7.53104	11	0	72	LastDelay	0.23104	231040	1	8
7.53104	11	0	72	FullDelay	0.23104	231040	1	8
7.53962	91	0	72	LastDelay	0.239616	239616	1	8
7.53962	91	0	72	FullDelay	0.239616	239616	1	8
7.5444	5	0	73	LastDelay	0.1444	144400	1	5
7.5444	5	0	73	FullDelay	0.1444	144400	1	5
7.55298	16	0	73	LastDelay	0.152976	152976	1	5
7.55298	16	0	73	FullDelay	0.152976	152976	1	5
7.57328	82	0	73	LastDelay	0.17328	173280	1	6
7.57328	82	0	73	FullDelay	0.17328	173280	1	6
7.57328	97	0	73	LastDelay	0.17328	173280	1	6
7.57328	97	0	73	FullDelay	0.17328	173280	1	6
7.58186	88	0	73	LastDelay	0.181856	181856	1	6
7.58186	88	0	73	FullDelay	0.181856	181856	1	6
7.58664	52	0	74	LastDelay	0.08664	86640	1	3
7.58664	52	0	74	FullDelay	0.08664	86640	1	3
7.58664	58	0	74	LastDelay	0.08664	86640	1	3
7.58664	58	0	74	FullDelay	0.08664	86640	1	3
7.5888	0	0	72	LastDelay	0.2888	288800	1	10
7.5888	0	0	72	FullDelay	0.2888	288800	1	10
7.63104	11	0	73	LastDelay	0.23104	231040	1	8
7.63104	11	0	73	FullDelay	0.23104	231040	1	8
7.63962	91	0	73	LastDelay	0.239616	239616	1	8
7.63962	91	0	73	FullDelay	0.239616	239616	1	8
7.6444	5	0	74	LastDelay	0.1444	144400	1	5
7.6444	5	0	74	FullDelay	0.1444	144400	1	5
7.65298	16	0	74	LastDelay	0.152976	152976	1	5
7.65298	16	0	74	FullDelay	0.152976	152976	1	5
7.67328	82	0	74	LastDelay	0.17328	173280	1	6
7.67328	82	0	74	FullDelay	0.17328	173280	1	6
7.67328	97	0	74	LastDelay	0.17328	173280	1	6
7.67328	97	0	74	FullDelay	0.17328	173280	1	6
7.68186	88	0	74	LastDelay	0.181856	181856	1	6
7.68186	88	0	74	FullDelay	0.181856	181856	1	6
7.68664	52	0	75	LastDelay	0.08664	86640	1	3
7.68664	52	0	75	FullDelay	0.08664	86640	1	3
7.68664	58	0	75	LastDelay	0.08664	86640	1	3
7.68664	58	0	75	FullDelay	0.08664	86640	1	3
7.6888	0	0	73	LastDelay	0.2888	288800	1	10
7.6888	0	0	73	FullDelay	0.2888	288800	1	10
7.73104	11	0	74	LastDelay	0.23104	231040	1	8
7.73104	11	0	74	FullDelay	0.23104	231040	1	8
7.73962	91	0	74	LastDelay	0.239616	239616	1	8
7.73962	91	0	74	FullDelay	0.239616	239616	1	8
7.7444	5	0	75	LastDelay	0.1444	144400	1	5
7.7444	5	0	75	FullDelay	0.1444	144400	1	5
7.75298	16	0	75	LastDelay	0.152976	152976	1	5
7.75298	16	0	75	FullDelay	0.152976	152976	1	5
7.77328	82	0	75	LastDelay	0.17328	173280	1	6
7.77328	82	0	75	FullDelay	0.17328	173280	1	6
7.77328	97	0	75	LastDelay	0.17328	173280	1	6
7.77328	97	0	75	FullDelay	0.17328	173280	1	6
7.78186	88	0	75	LastDelay	0.181856	181856	1	6
7.78186	88	0	75	FullDelay	0.181856	181856	1	6
7.78664	52	0	76	LastDelay	0.08664	86640	1	3
7.78664	52	0	76	FullDelay	0.08664	86640	1	3
7.78664	58	0	76	LastDelay	0.08664	86640	1	3
7.78664	58	0	76	FullDelay	0.08664	86640	1	3
7.7888	0	0	74	LastDelay	0.2888	288800	1	10
7.7888	0	0	74	FullDelay	0.2888	288800	1	10
7.83104	11	0	75	LastDelay	0.23104	231040	1	8
7.83104	11	0	75	FullDelay	0.23104	231040	1	8
7.83962	91	0	75	LastDelay	0.239616	239616	1	8
7.83962	91	0	75	FullDelay	0.239616	239616	1	8
7.8444	5	0	76	LastDelay	0.1444	144400	1	5
7.8444	5	0	76	FullDelay	0.1444	144400	1	5
7.85298	16	0	76	LastDelay	0.152976	152976	1	5
7.85298	16	0	76	FullDelay	0.152976	152976	1	5
7.87328	82	0	76	LastDelay	0.17328	173280	1	6
7.87328	82	0	76	FullDelay	0.17328	173280	1	6
7.87328	97	0	76	LastDelay	0.17328	173280	1	6
7.87328	97	0	76	FullDelay	0.17328	173280	1	6
7.88186	88	0	76	LastDelay	0.181856	181856	1	6
7.88186	88	0	76	FullDelay	0.181856	181856	1	6
7.88664	52	0	77	LastDelay	0.08664	86640	1	3
7.88664	52	0	77	FullDelay	0.08664	86640	1	3
7.88664	58	0	77	LastDelay	0.08664	86640	1	3
7.88664	58	0	77	FullDelay	0.08664	86640	1	3
7.8888	0	0	75	LastDelay	0.2888	288800	1	10
7.8888	0	0	75	FullDelay	0.2888	288800	1	10
7.93104	11	0	76	LastDelay	0.23104	231040	1	8
7.93104	11	0	76	FullDelay	0.23104	231040	1	8
7.93962	91	0	76	LastDelay	0.239616	239616	1	8
7.93962	91	0	76	FullDelay	0.239616	239616	1	8
7.9444	5	0	77	LastDelay	0.1444	144400	1	5
7.9444	5	0	77	FullDelay	0.1444	144400	1	5
7.95298	16	0	77	LastDelay	0.152976	152976	1	5
7.95298	16	0	77	FullDelay	0.152976	152976	1	5
7.97328	82	0	77	LastDelay	0.17328	173280	1	6
7.97328	82	0	77	FullDelay	0.17328	173280	1	6
7.97328	97	0	77	LastDelay	0.17328	173280	1	6
7.97328	97	0	77	FullDelay	0.17328	173280	1	6
7.98186	88	0	77	LastDelay	0.181856	181856	1	6
7.98186	88	0	77	FullDelay	0.181856	181856	1	6
7.98664	52	0	78	LastDelay	0.08664	86640	1	3
7.98664	52	0	78	FullDelay	0.08664	86640	1	3
7.98664	58	0	78	LastDelay	0.08664	86640	1	3
7.98664	58	0	78	FullDelay	0.08664	86640	1	3
7.9888	0	0	76	LastDelay	0.2888	288800	1	10
7.9888	0	0	76	FullDelay	0.2888	288800	1	10
8.03104	11	0	77	LastDelay	0.23104	231040	1	8
8.03104	11	0	77	FullDelay	0.23104	231040	1	8
8.03962	91	0	77	LastDelay	0.239616	239616	1	8
8.03962	91	0	77	FullDelay	0.239616	239616	1	8
8.0444	5	0	78	LastDelay	0.1444	144400	1	5
8.0444	5	0	78	FullDelay	0.1444	144400	1	5
8.05298	16	0	78	LastDelay	0.152976	152976	1	5
8.05298	16	0	78	FullDelay	0.152976	152976	1	5
8.07328	82	0	78	LastDelay	0.17328	173280	1	6
8.07328	82	0	78	FullDelay	0.17328	173280	1	6
8.07328	97	0	78	LastDelay	0.17328	173280	1	6
8.07328	97	0	78	FullDelay	0.17328	173280	1	6
8.08186	88	0	78	LastDelay	0.181856	181856	1	6
8.08186	88	0	78	FullDelay	0.181856	181856	1	6
8.08664	52	0	79	LastDelay	0.08664	86640	1	3
8.08664	52	0	79	FullDelay	0.08664	86640	1	3
8.08664	58	0	79	LastDelay	0.08664	86640	1	3
8.08664	58	0	79	FullDelay	0.08664	86640	1	3
8.0888	0	0	77	LastDelay	0.2888	288800	1	10
8.0888	0	0	77	FullDelay	0.2888	288800	1	10
8.13104	11	0	78	LastDelay	0.23104	231040	1	8
8.13104	11	0	78	FullDelay	0.23104	231040	1	8
8.13962	91	0	78	LastDelay	0.239616	239616	1	8
8.13962	91	0	78	FullDelay	0.239616	239616	1	8
8.1444	5	0	79	LastDelay	0.1444	144400	1	5
8.1444	5	0	79	FullDelay	0.1444	144400	1	5
8.15298	16	0	79	LastDelay	0.152976	152976	1	5
8.15298	16	0	79	FullDelay	0.152976	152976	1	5
8.17328	82	0	79	LastDelay	0.17328	173280	1	6
8.17328	82	0	79	FullDelay	0.17328	173280	1	6
8.17328	97	0	79	LastDelay	0.17328	173280	1	6
8.17328	97	0	79	FullDelay	0.17328	173280	1	6
8.18186	88	0	79	LastDelay	0.181856	181856	1	6
8.18186	88	0	79	FullDelay	0.181856	181856	1	6
8.18664	52	0	80	LastDelay	0.08664	86640	1	3
8.18664	52	0	80	FullDelay	0.08664	86640	1	3
8.18664	58	0	80	LastDelay	0.08664	86640	1	3
8.18664	58	0	80	FullDelay	0.08664	86640	1	3
8.1888	0	0	78	LastDelay	0.2888	288800	1	10
8.1888	0	0	78	FullDelay	0.2888	288800	1	10
8.23104	11	0	79	LastDelay	0.23104	231040	1	8
8.23104	11	0	79	FullDelay	0.23104	231040	1	8
8.23962	91	0	79	LastDelay	0.239616	239616	1	8
8.23962	91	0	79	FullDelay	0.239616	239616	1	8
8.2444	5	0	80	LastDelay	0.1444	144400	1	5
8.2444	5	0	80	FullDelay	0.1444	144400	1	5
8.25298	16	0	80	LastDelay	0.152976	152976	1	5
8.25298	16	0	80	FullDelay	0.152976	152976	1	5
8.27328	82	0	80	LastDelay	0.17328	173280	1	6
8.27328	82	0	80	FullDelay	0.17328	173280	1	6
8.27328	97	0	80	LastDelay	0.17328	173280	1	6
8.27328	97	0	80	FullDelay	0.17328	173280	1	6
8.28186	88	0	80	LastDelay	0.181856	181856	1	6
8.28186	88	0	80	FullDelay	0.181856	181856	1	6
8.28664	52	0	81	LastDelay	0.08664	86640	1	3
8.28664	52	0	81	FullDelay	0.08664	86640	1	3
8.28664	58	0	81	LastDelay	0.08664	86640	1	3
8.28664	58	0	81	FullDelay	0.08664	86640	1	3
8.2888	0	0	79	LastDelay	0.2888	288800	1	10
8.2888	0	0	79	FullDelay	0.2888	288800	1	10
8.33104	11	0	80	LastDelay	0.23104	231040	1	8
8.33104	11	0	80	FullDelay	0.23104	231040	1	8
8.33962	91	0	80	LastDelay	0.239616	239616	1	8
8.33962	91	0	80	FullDelay	0.239616	239616	1	8
8.3444	5	0	81	LastDelay	0.1444	144400	1	5
8.3444	5	0	81	FullDelay	0.1444	144400	1	5
8.35298	16	0	81	LastDelay	0.152976	152976	1	5
8.35298	16	0	81	FullDelay	0.152976	152976	1	5
8.37328	82	0	81	LastDelay	0.17328	173280	1	6
8.37328	82	0	81	FullDelay	0.17328	173280	1	6
8.37328	97	0	81	LastDelay	0.17328	173280	1	6
8.37328	97	0	81	FullDelay	0.17328	173280	1	6
8.38186	88	0	81	LastDelay	0.181856	181856	1	6
8.38186	88	0	81	FullDelay	0.181856	181856	1	6
8.38664	52	0	82	LastDelay	0.08664	86640	1	3
8.38664	52	0	82	FullDelay	0.08664	86640	1	3
8.38664	58	0	82	LastDelay	0.08664	86640	1	3
8.38664	58	0	82	FullDelay	0.08664	86640	1	3
8.3888	0	0	80	LastDelay	0.2888	288800	1	10
8.3888	0	0	80	FullDelay	0.2888	288800	1	10
8.43104	11	0	81	LastDelay	0.23104	231040	1	8
8.43104	11	0	81	FullDelay	0.23104	231040	1	8
8.43962	91	0	81	LastDelay	0.239616	239616	1	8
8.43962	91	0	81	FullDelay	0.239616	239616	1	8
8.4444	5	0	82	LastDelay	0.1444	144400	1	5
8.4444	5	0	82	FullDelay	0.1444	144400	1	5
8.45298	16	0	82	LastDelay	0.152976	152976	1	5
8.45298	16	0	82	FullDelay	0.152976	152976	1	5
8.47328	82	0	82	LastDelay	0.17328	173280	1	6
8.47328	82	0	82	FullDelay	0.17328	173280	1	6
8.47328	97	0	82	LastDelay	0.17328	173280	1	6
8.47328	97	0	82	FullDelay	0.17328	173280	1	6
8.48186	88	0	82	LastDelay	0.181856	181856	1	6
8.48186	88	0	82	FullDelay	0.181856	181856	1	6
8.48664	52	0	83	LastDelay	0.08664	86640	1	3
8.48664	52	0	83	FullDelay	0.08664	86640	1	3
8.48664	58	0	83	LastDelay	0.08664	86640	1	3
8.48664	58	0	83	FullDelay	0.08664	86640	1	3
8.4888	0	0	81	LastDelay	0.2888	288800	1	10
8.4888	0	0	81	FullDelay	0.2888	288800	1	10
8.53104	11	0	82	LastDelay	0.23104	231040	1	8
8.53104	11	0	82	FullDelay	0.23104	231040	1	8
8.53962	91	0	82	LastDelay	0.239616	239616	1	8
8.53962	91	0	82	FullDelay	0.239616	239616	1	8
8.5444	5	0	83	LastDelay	0.1444	144400	1	5
8.5444	5	0	83	FullDelay	0.1444	144400	1	5
8.55298	16	0	83	LastDelay	0.152976	152976	1	5
8.55298	16	0	83	FullDelay	0.152976	152976	1	5
8.57328	82	0	83	LastDelay	0.17328	173280	1	6
8.57328	82	0	83	FullDelay	0.17328	173280	1	6
8.57328	97	0	83	LastDelay	0.17328	173280	1	6
8.57328	97	0	83	FullDelay	0.17328	173280	1	6
8.58186	88	0	83	LastDelay	0.181856	181856	1	6
8.58186	88	0	83	FullDelay	0.181856	181856	1	6
8.58664	52	0	84	LastDelay	0.08664	86640	1	3
8.58664	52	0	84	FullDelay	0.08664	86640	1	3
8.58664	58	0	84	LastDelay	0.08664	86640	1	3
8.58664	58	0	84	FullDelay	0.08664	86640	1	3
8.5888	0	0	82	LastDelay	0.2888	288800	1	10
8.5888	0	0	82	FullDelay	0.2888	288800	1	10
8.63104	11	0	83	LastDelay	0.23104	231040	1	8
8.63104	11	0	83	FullDelay	0.23104	231040	1	8
8.63962	91	0	83	LastDelay	0.239616	239616	1	8
8.63962	91	0	83	FullDelay	0.239616	239616	1	8
8.6444	5	0	84	LastDelay	0.1444	144400	1	5
8.6444	5	0	84	FullDelay	0.1444	144400	1	5
8.65298	16	0	84	LastDelay	0.152976	152976	1	5
8.65298	16	0	84	FullDelay	0.152976	152976	1	5
8.67328	82	0	84	LastDelay	0.17328	173280	1	6
8.67328	82	0	84	FullDelay	0.17328	173280	1	6
8.67328	97	0	84	LastDelay	0.17328	173280	1	6
8.67328	97	0	84	FullDelay	0.17328	173280	1	6
8.68186	88	0	84	LastDelay	0.181856	181856	1	6
8.68186	88	0	84	FullDelay	0.181856	181856	1	6
8.68664	52	0	85	LastDelay	0.08664	86640	1	3
8.68664	52	0	85	FullDelay	0.08664	86640	1	3
8.68664	58	0	85	LastDelay	0.08664	86640	1	3
8.68664	58	0	85	FullDelay	0.08664	86640	1	3
8.6888	0	0	83	LastDelay	0.2888	288800	1	10
8.6888	0	0	83	FullDelay	0.2888	288800	1	10
8.73104	11	0	84	LastDelay	0.23104	231040	1	8
8.73104	11	0	84	FullDelay	0.23104	231040	1	8
8.73962	91	0	84	LastDelay	0.239616	239616	1	8
8.73962	91	0	84	FullDelay	0.239616	239616	1	8
8.7444	5	0	85	LastDelay	0.1444	144400	1	5
8.7444	5	0	85	FullDelay	0.1444	144400	1	5
8.75298	16	0	85	LastDelay	0.152976	152976	1	5
8.75298	16	0	85	FullDelay	0.152976	152976	1	5
8.77328	82	0	85	LastDelay	0.17328	173280	1	6
8.77328	82	0	85	FullDelay	0.17328	173280	1	6
8.77328	97	0	85	LastDelay	0.17328	173280	1	6
8.77328	97	0	85	FullDelay	0.17328	173280	1	6
8.78186	88	0	85	LastDelay	0.181856	181856	1	6
8.78186	88	0	85	FullDelay	0.181856	181856	1	6
8.78664	52	0	86	LastDelay	0.08664	86640	1	3
8.78664	52	0	86	FullDelay	0.08664	86640	1	3
8.78664	58	0	86	LastDelay	0.08664	86640	1	3
8.78664	58	0	86	FullDelay	0.08664	86640	1	3
8.7888	0	0	84	LastDelay	0.2888	288800	1	10
8.7888	0	0	84	FullDelay	0.2888	288800	1	10
8.83104	11	0	85	LastDelay	0.23104	231040	1	8
8.83104	11	0	85	FullDelay	0.23104	231040	1	8
8.83962	91	0	85	LastDelay	0.239616	239616	1	8
8.83962	91	0	85	FullDelay	0.239616	239616	1	8
8.8444	5	0	86	LastDelay	0.1444	144400	1	5
8.8444	5	0	86	FullDelay	0.1444	144400	1	5
8.85298	16	0	86	LastDelay	0.152976	152976	1	5
8.85298	16	0	86	FullDelay	0.152976	152976	1	5
8.87328	82	0	86	LastDelay	0.17328	173280	1	6
8.87328	82	0	86	FullDelay	0.17328	173280	1	6
8.87328	97	0	86	LastDelay	0.17328	173280	1	6
8.87328	97	0	86	FullDelay	0.17328	173280	1	6
8.88186	88	0	86	LastDelay	0.181856	181856	1	6
8.88186	88	0	86	FullDelay	0.181856	181856	1	6
8.88664	52	0	87	LastDelay	0.08664	86640	1	3
8.88664	52	0	87	FullDelay	0.08664	86640	1	3
8.88664	58	0	87	LastDelay	0.08664	86640	1	3
8.88664	58	0	87	FullDelay	0.08664	86640	1	3
8.8888	0	0	85	LastDelay	0.2888	288800	1	10
8.8888	0	0	85	FullDelay	0.2888	288800	1	10
8.93104	11	0	86	LastDelay	0.23104	231040	1	8
8.93104	11	0	86	FullDelay	0.23104	231040	1	8
8.93962	91	0	86	LastDelay	0.239616	239616	1	8
8.93962	91	0	86	FullDelay	0.239616	239616	1	8
8.9444	5	0	87	LastDelay	0.1444	144400	1	5
8.9444	5	0	87	FullDelay	0.1444	144400	1	5
8.95298	16	0	87	LastDelay	0.152976	152976	1	5
8.95298	16	0	87	FullDelay	0.152976	152976	1	5
8.97328	82	0	87	LastDelay	0.17328	173280	1	6
8.97328	82	0	87	FullDelay	0.17328	173280	1	6
8.97328	97	0	87	LastDelay	0.17328	173280	1	6
8.97328	97	0	87	FullDelay	0.17328	173280	1	6
8.98186	88	0	87	LastDelay	0.181856	181856	1	6
8.98186	88	0	87	FullDelay	0.181856	181856	1	6
8.98664	52	0	88	LastDelay	0.08664	86640	1	3
8.98664	52	0	88	FullDelay	0.08664	86640	1	3
8.98664	58	0	88	LastDelay	0.08664	86640	1	3
8.98664	58	0	88	FullDelay	0.08664	86640	1	3
8.9888	0	0	86	LastDelay	0.2888	288800	1	10
8.9888	0	0	86	FullDelay	0.2888	288800	1	10
9.03104	11	0	87	LastDelay	0.23104	231040	1	8
9.03104	11	0	87	FullDelay	0.23104	231040	1	8
9.03962	91	0	87	LastDelay	0.239616	239616	1	8
9.03962	91	0	87	FullDelay	0.239616	239616	1	8
9.0444	5	0	88	LastDelay	0.1444	144400	1	5
9.0444	5	0	88	FullDelay	0.1444	144400	1	5
9.05298	16	0	88	LastDelay	0.152976	152976	1	5
9.05298	16	0	88	FullDelay	0.152976	152976	1	5
9.07328	82	0	88	LastDelay	0.17328	173280	1	6
9.07328	82	0	88	FullDelay	0.17328	173280	1	6
9.07328	97	0	88	LastDelay	0.17328	173280	1	6
9.07328	97	0	88	FullDelay	0.17328	173280	1	6
9.08186	88	0	88	LastDelay	0.181856	181856	1	6
9.08186	88	0	88	FullDelay	0.181856	181856	1	6
9.08664	52	0	89	LastDelay	0.08664	86640	1	3
9.08664	52	0	89	FullDelay	0.08664	86640	1	3
9.08664	58	0	89	LastDelay	0.08664	86640	1	3
9.08664	58	0	89	FullDelay	0.08664	86640	1	3
9.0888	0	0	87	LastDelay	0.2888	288800	1	10
9.0888	0	0	87	FullDelay	0.2888	288800	1	10
9.13104	11	0	88	LastDelay	0.23104	231040	1	8
9.13104	11	0	88	FullDelay	0.23104	231040	1	8
9.13962	91	0	88	LastDelay	0.239616	239616	1	8
9.13962	91	0	88	FullDelay	0.239616	239616	1	8
9.1444	5	0	89	LastDelay	0.1444	144400	1	5
9.1444	5	0	89	FullDelay	0.1444	144400	1	5
9.15298	16	0	89	LastDelay	0.152976	152976	1	5
9.15298	16	0	89	FullDelay	0.152976	152976	1	5
9.17328	82	0	89	LastDelay	0.17328	173280	1	6
9.17328	82	0	89	FullDelay	0.17328	173280	1	6
9.17328	97	0	89	LastDelay	0.17328	173280	1	6
9.17328	97	0	89	FullDelay	0.17328	173280	1	6
9.18186	88	0	89	LastDelay	0.181856	181856	1	6
9.18186	88	0	89	FullDelay	0.181856	181856	1	6
9.18664	52	0	90	LastDelay	0.08664	86640	1	3
9.18664	52	0	90	FullDelay	0.08664	86640	1	3
9.18664	58	0	90	LastDelay	0.08664	86640	1	3
9.18664	58	0	90	FullDelay	0.08664	86640	1	3
9.1888	0	0	88	LastDelay	0.2888	288800	1	10
9.1888	0	0	88	FullDelay	0.2888	288800	1	10
9.23104	11	0	89	LastDelay	0.23104	231040	1	8
9.23104	11	0	89	FullDelay	0.23104	231040	1	8
9.23962	91	0	89	LastDelay	0.239616	239616	1	8
9.23962	91	0	89	FullDelay	0.239616	239616	1	8
9.2444	5	0	90	LastDelay	0.1444	144400	1	5
9.2444	5	0	90	FullDelay	0.1444	144400	1	5
9.25298	16	0	90	LastDelay	0.152976	152976	1	5
9.25298	16	0	90	FullDelay	0.152976	152976	1	5
9.27328	82	0	90	LastDelay	0.17328	173280	1	6
9.27328	82	0	90	FullDelay	0.17328	173280	1	6
9.27328	97	0	90	LastDelay	0.17328	173280	1	6
9.27328	97	0	90	FullDelay	0.17328	173280	1	6
9.28186	88	0	90	LastDelay	0.181856	181856	1	6
9.28186	88	0	90	FullDelay	0.181856	181856	1	6
9.28664	52	0	91	LastDelay	0.08664	86640	1	3
9.28664	52	0	91	FullDelay	0.08664	86640	1	3
9.28664	58	0	91	LastDelay	0.08664	86640	1	3
9.28664	58	0	91	FullDelay	0.08664	86640	1	3
9.2888	0	0	89	LastDelay	0.2888	288800	1	10
9.2888	0	0	89	FullDelay	0.2888	288800	1	10
9.33104	11	0	90	LastDelay	0.23104	231040	1	8
9.33104	11	0	90	FullDelay	0.23104	231040	1	8
9.33962	91	0	90	LastDelay	0.239616	239616	1	8
9.33962	91	0	90	FullDelay	0.239616	239616	1	8
9.3444	5	0	91	LastDelay	0.1444	144400	1	5
9.3444	5	0	91	FullDelay	0.1444	144400	1	5
9.35298	16	0	91	LastDelay	0.152976	152976	1	5
9.35298	16	0	91	FullDelay	0.152976	152976	1	5
9.37328	82	0	91	LastDelay	0.17328	173280	1	6
9.37328	82	0	91	FullDelay	0.17328	173280	1	6
9.37328	97	0	91	LastDelay	0.17328	173280	1	6
9.37328	97	0	91	FullDelay	0.17328	173280	1	6
9.38186	88	0	91	LastDelay	0.181856	181856	1	6
9.38186	88	0	91	FullDelay	0.181856	181856	1	6
9.38664	52	0	92	LastDelay	0.08664	86640	1	3
9.38664	52	0	92	FullDelay	0.08664	86640	1	3
9.38664	58	0	92	LastDelay	0.08664	86640	1	3
9.38664	58	0	92	FullDelay	0.08664	86640	1	3
9.3888	0	0	90	LastDelay	0.2888	288800	1	10
9.3888	0	0	90	FullDelay	0.2888	288800	1	10
9.43104	11	0	91	LastDelay	0.23104	231040	1	8
9.43104	11	0	91	FullDelay	0.23104	231040	1	8
9.43962	91	0	91	LastDelay	0.239616	239616	1	8
9.43962	91	0	91	FullDelay	0.239616	239616	1	8
9.4444	5	0	92	LastDelay	0.1444	144400	1	5
9.4444	5	0	92	FullDelay	0.1444	144400	1	5
9.45298	16	0	92	LastDelay	0.152976	152976	1	5
9.45298	16	0	92	FullDelay	0.152976	152976	1	5
9.47328	82	0	92	LastDelay	0.17328	173280	1	6
9.47328	82	0	92	FullDelay	0.17328	173280	1	6
9.47328	97	0	92	LastDelay	0.17328	173280	1	6
9.47328	97	0	92	FullDelay	0.17328	173280	1	6
9.48186	88	0	92	LastDelay	0.181856	181856	1	6
9.48186	88	0	92	FullDelay	0.181856	181856	1	6
9.48664	52	0	93	LastDelay	0.08664	86640	1	3
9.48664	52	0	93	FullDelay	0.08664	86640	1	3
9.48664	58	0	93	LastDelay	0.08664	86640	1	3
9.48664	58	0	93	FullDelay	0.08664	86640	1	3
9.4888	0	0	91	LastDelay	0.2888	288800	1	10
9.4888	0	0	91	FullDelay	0.2888	288800	1	10
9.53104	11	0	92	LastDelay	0.23104	231040	1	8
9.53104	11	0	92	FullDelay	0.23104	231040	1	8
9.53962	91	0	92	LastDelay	0.239616	239616	1	8
9.53962	91	0	92	FullDelay	0.239616	239616	1	8
9.5444	5	0	93	LastDelay	0.1444	144400	1	5
9.5444	5	0	93	FullDelay	0.1444	144400	1	5
9.55298	16	0	93	LastDelay	0.152976	152976	1	5
9.55298	16	0	93	FullDelay	0.152976	152976	1	5
9.57328	82	0	93	LastDelay	0.17328	173280	1	6
9.57328	82	0	93	FullDelay	0.17328	173280	1	6
9.57328	97	0	93	LastDelay	0.17328	173280	1	6
9.57328	97	0	93	FullDelay	0.17328	173280	1	6
9.58186	88	0	93	LastDelay	0.181856	181856	1	6
9.58186	88	0	93	FullDelay	0.181856	181856	1	6
9.58664	52	0	94	LastDelay	0.08664	86640	1	3
9.58664	52	0	94	FullDelay	0.08664	86640	1	3
9.58664	58	0	94	LastDelay	0.08664	86640	1	3
9.58664	58	0	94	FullDelay	0.08664	86640	1	3
9.5888	0	0	92	LastDelay	0.2888	288800	1	10
9.5888	0	0	92	FullDelay	0.2888	288800	1	10
9.63104	11	0	93	LastDelay	0.23104	231040	1	8
9.63104	11	0	93	FullDelay	0.23104	231040	1	8
9.63962	91	0	93	LastDelay	0.239616	239616	1	8
9.63962	91	0	93	FullDelay	0.239616	239616	1	8
9.6444	5	0	94	LastDelay	0.1444	144400	1	5
9.6444	5	0	94	FullDelay	0.1444	144400	1	5
9.65298	16	0	94	LastDelay	0.152976	152976	1	5
9.65298	16	0	94	FullDelay	0.152976	152976	1	5
9.67328	82	0	94	LastDelay	0.17328	173280	1	6
9.67328	82	0	94	FullDelay	0.17328	173280	1	6
9.67328	97	0	94	LastDelay	0.17328	173280	1	6
9.67328	97	0	94	FullDelay	0.17328	173280	1	6
9.68186	88	0	94	LastDelay	0.181856	181856	1	6
9.68186	88	0	94	FullDelay	0.181856	181856	1	6
9.68664	52	0	95	LastDelay	0.08664	86640	1	3
9.68664	52	0	95	FullDelay	0.08664	86640	1	3
9.68664	58	0	95	LastDelay	0.08664	86640	1	3
9.68664	58	0	95	FullDelay	0.08664	86640	1	3
9.6888	0	0	93	LastDelay	0.2888	288800	1	10
9.6888	0	0	93	FullDelay	0.2888	288800	1	10
9.73104	11	0	94	LastDelay	0.23104	231040	1	8
9.73104	11	0	94	FullDelay	0.23104	231040	1	8
9.73962	91	0	94	LastDelay	0.239616	239616	1	8
9.73962	91	0	94	FullDelay	0.239616	239616	1	8
9.7444	5	0	95	LastDelay	0.1444	144400	1	5
9.7444	5	0	95	FullDelay	0.1444	144400	1	5
9.75298	16	0	95	LastDelay	0.152976	152976	1	5
9.75298	16	0	95	FullDelay	0.152976	152976	1	5
9.77328	82	0	95	LastDelay	0.17328	173280	1	6
9.77328	82	0	95	FullDelay	0.17328	173280	1	6
9.77328	97	0	95	LastDelay	0.17328	173280	1	6
9.77328	97	0	95	FullDelay	0.17328	173280	1	6
9.78186	88	0	95	LastDelay	0.181856	181856	1	6
9.78186	88	0	95	FullDelay	0.181856	181856	1	6
9.78664	52	0	96	LastDelay	0.08664	86640	1	3
9.78664	52	0	96	FullDelay	0.08664	86640	1	3
9.78664	58	0	96	LastDelay	0.08664	86640	1	3
9.78664	58	0	96	FullDelay	0.08664	86640	1	3
9.7888	0	0	94	LastDelay	0.2888	288800	1	10
9.7888	0	0	94	FullDelay	0.2888	288800	1	10
9.83104	11	0	95	LastDelay	0.23104	231040	1	8
9.83104	11	0	95	FullDelay	0.23104	231040	1	8
9.83962	91	0	95	LastDelay	0.239616	239616	1	8
9.83962	91	0	95	FullDelay	0.239616	239616	1	8
9.8444	5	0	96	LastDelay	0.1444	144400	1	5
9.8444	5	0	96	FullDelay	0.1444	144400	1	5
9.85298	16	0	96	LastDelay	0.152976	152976	1	5
9.85298	16	0	96	FullDelay	0.152976	152976	1	5
9.87328	82	0	96	LastDelay	0.17328	173280	1	6
9.87328	82	0	96	FullDelay	0.17328	173280	1	6
9.87328	97	0	96	LastDelay	0.17328	173280	1	6
9.87328	97	0	96	FullDelay	0.17328	173280	1	6
9.88186	88	0	96	LastDelay	0.181856	181856	1	6
9.88186	88	0	96	FullDelay	0.181856	181856	1	6
9.88664	52	0	97	LastDelay	0.08664	86640	1	3
9.88664	52	0	97	FullDelay	0.08664	86640	1	3
9.88664	58	0	97	LastDelay	0.08664	86640	1	3
9.88664	58	0	97	FullDelay	0.08664	86640	1	3
9.8888	0	0	95	LastDelay	0.2888	288800	1	10
9.8888	0	0	95	FullDelay	0.2888	288800	1	10
9.93104	11	0	96	LastDelay	0.23104	231040	1	8
9.93104	11	0	96	FullDelay	0.23104	231040	1	8
9.93962	91	0	96	LastDelay	0.239616	239616	1	8
9.93962	91	0	96	FullDelay	0.239616	239616	1	8
9.9444	5	0	97	LastDelay	0.1444	144400	1	5
9.9444	5	0	97	FullDelay	0.1444	144400	1	5
9.95298	16	0	97	LastDelay	0.152976	152976	1	5
9.95298	16	0	97	FullDelay	0.152976	152976	1	5
9.97328	82	0	97	LastDelay	0.17328	173280	1	6
9.97328	82	0	97	FullDelay	0.17328	173280	1	6
9.97328	97	0	97	LastDelay	0.17328	173280	1	6
9.97328	97	0	97	FullDelay	0.17328	173280	1	6
9.98186	88	0	97	LastDelay	0.181856	181856	1	6
9.98186	88	0	97	FullDelay	0.181856	181856	1	6
9.98664	52	0	98	LastDelay	0.08664	86640	1	3
9.98664	52	0	98	FullDelay	0.08664	86640	1	3
9.98664	58	0	98	LastDelay	0.08664	86640	1	3
9.98664	58	0	98	FullDelay	0.08664	86640	1	3
9.9888	0	0	96	LastDelay	0.2888	288800	1	10
9.9888	0	0	96	FullDelay	0.2888	288800	1	10
