Time	Node	AppId	SeqNo	Type	DelayS	DelayUS	RetxCount	HopCount
0.15776	97	0	1	LastDelay	0.05776	57760	1	2
0.15776	97	0	1	FullDelay	0.05776	57760	1	2
0.166336	88	0	1	LastDelay	0.066336	66336	1	2
0.166336	88	0	1	FullDelay	0.066336	66336	1	2
0.2444	58	0	1	LastDelay	0.1444	144400	1	5
0.2444	58	0	1	FullDelay	0.1444	144400	1	5
0.267648	97	0	2	LastDelay	0.067648	67648	1	2
0.267648	97	0	2	FullDelay	0.067648	67648	1	2
0.276224	88	0	2	LastDelay	0.076224	76224	1	2
0.276224	88	0	2	FullDelay	0.076224	76224	1	2
0.33104	82	0	1	LastDelay	0.23104	231040	1	8
0.33104	82	0	1	FullDelay	0.23104	231040	1	8
0.339616	91	0	1	LastDelay	0.239616	239616	1	8
0.339616	91	0	1	FullDelay	0.239616	239616	1	8
0.349104	58	0	2	LastDelay	0.149104	149104	1	5
0.349104	58	0	2	FullDelay	0.149104	149104	1	5
0.367648	97	0	0	LastDelay	0.067648	67648	1	2
0.367648	97	0	0	FullDelay	0.367648	367648	2	2
0.376224	88	0	0	LastDelay	0.076224	76224	1	2
0.376224	88	0	0	FullDelay	0.376224	376224	2	2
0.41768	52	0	1	LastDelay	0.31768	317680	1	11
0.41768	52	0	1	FullDelay	0.31768	317680	1	11
0.426256	16	0	1	LastDelay	0.326256	326256	1	11
0.426256	16	0	1	FullDelay	0.326256	326256	1	11
0.43104	82	0	2	LastDelay	0.23104	231040	1	8
0.43104	82	0	2	FullDelay	0.23104	231040	1	8
0.439616	91	0	2	LastDelay	0.239616	239616	1	8
0.439616	91	0	2	FullDelay	0.239616	239616	1	8
0.449104	58	0	3	LastDelay	0.149104	149104	1	5
0.449104	58	0	3	FullDelay	0.149104	149104	1	5
0.467648	97	0	3	LastDelay	0.067648	67648	1	2
0.467648	97	0	3	FullDelay	0.067648	67648	1	2
0.476224	88	0	3	LastDelay	0.076224	76224	1	2
0.476224	88	0	3	FullDelay	0.076224	76224	1	2
0.489136	5	0	1	LastDelay	0.389136	389136	1	13
0.489136	5	0	1	FullDelay	0.389136	389136	1	13
0.51768	52	0	2	LastDelay	0.31768	317680	1	11
0.51768	52	0	2	FullDelay	0.31768	317680	1	11
0.526256	16	0	2	LastDelay	0.326256	326256	1	11
0.526256	16	0	2	FullDelay	0.326256	326256	1	11
0.53104	82	0	3	LastDelay	0.23104	231040	1	8
0.53104	82	0	3	FullDelay	0.23104	231040	1	8
0.539616	91	0	3	LastDelay	0.239616	239616	1	8
0.539616	91	0	3	FullDelay	0.239616	239616	1	8
0.549104	58	0	4	LastDelay	0.149104	149104	1	5
0.549104	58	0	4	FullDelay	0.149104	149104	1	5
0.56208	11	0	1	LastDelay	0.46208	462080	1	16
0.56208	11	0	1	FullDelay	0.46208	462080	1	16
0.567648	97	0	4	LastDelay	0.067648	67648	1	2
0.567648	97	0	4	FullDelay	0.067648	67648	1	2
0.576224	88	0	4	LastDelay	0.076224	76224	1	2
0.576224	88	0	4	FullDelay	0.076224	76224	1	2
0.589136	5	0	2	LastDelay	0.389136	389136	1	13
0.589136	5	0	2	FullDelay	0.389136	389136	1	13
0.61768	52	0	3	LastDelay	0.31768	317680	1	11
0.61768	52	0	3	FullDelay	0.31768	317680	1	11
0.626256	16	0	3	LastDelay	0.326256	326256	1	11
0.626256	16	0	3	FullDelay	0.326256	326256	1	11
0.63104	82	0	4	LastDelay	0.23104	231040	1	8
0.63104	82	0	4	FullDelay	0.23104	231040	1	8
0.633952	0	0	1	LastDelay	0.533952	533952	1	18
0.633952	0	0	1	FullDelay	0.533952	533952	1	18
0.639616	91	0	4	LastDelay	0.239616	239616	1	8
0.639616	91	0	4	FullDelay	0.239616	239616	1	8
0.649104	58	0	0	LastDelay	0.149104	149104	1	5
0.649104	58	0	0	FullDelay	0.649104	649104	2	5
0.66208	11	0	2	LastDelay	0.46208	462080	1	16
0.66208	11	0	2	FullDelay	0.46208	462080	1	16
0.667648	97	0	5	LastDelay	0.067648	67648	1	2
0.667648	97	0	5	FullDelay	0.067648	67648	1	2
0.676224	88	0	5	LastDelay	0.076224	76224	1	2
0.676224	88	0	5	FullDelay	0.076224	76224	1	2
0.689136	5	0	3	LastDelay	0.389136	389136	1	13
0.689136	5	0	3	FullDelay	0.389136	389136	1	13
0.71768	52	0	4	LastDelay	0.31768	317680	1	11
0.71768	52	0	4	FullDelay	0.31768	317680	1	11
0.726256	16	0	4	LastDelay	0.326256	326256	1	11
0.726256	16	0	4	FullDelay	0.326256	326256	1	11
0.73104	82	0	5	LastDelay	0.23104	231040	1	8
0.73104	82	0	5	FullDelay	0.23104	231040	1	8
0.733952	0	0	2	LastDelay	0.533952	533952	1	18
0.733952	0	0	2	FullDelay	0.533952	533952	1	18
0.739616	91	0	5	LastDelay	0.239616	239616	1	8
0.739616	91	0	5	FullDelay	0.239616	239616	1	8
0.749104	58	0	5	LastDelay	0.149104	149104	1	5
0.749104	58	0	5	FullDelay	0.149104	149104	1	5
0.76208	11	0	3	LastDelay	0.46208	462080	1	16
0.76208	11	0	3	FullDelay	0.46208	462080	1	16
0.767648	97	0	6	LastDelay	0.067648	67648	1	2
0.767648	97	0	6	FullDelay	0.067648	67648	1	2
0.776224	88	0	6	LastDelay	0.076224	76224	1	2
0.776224	88	0	6	FullDelay	0.076224	76224	1	2
0.789136	5	0	4	LastDelay	0.389136	389136	1	13
0.789136	5	0	4	FullDelay	0.389136	389136	1	13
0.81768	52	0	5	LastDelay	0.31768	317680	1	11
0.81768	52	0	5	FullDelay	0.31768	317680	1	11
0.826256	16	0	5	LastDelay	0.326256	326256	1	11
0.826256	16	0	5	FullDelay	0.326256	326256	1	11
0.83104	82	0	0	LastDelay	0.23104	231040	1	8
0.83104	82	0	0	FullDelay	0.83104	831040	2	8
0.833952	0	0	3	LastDelay	0.533952	533952	1	18
0.833952	0	0	3	FullDelay	0.533952	533952	1	18
0.839616	91	0	0	LastDelay	0.239616	239616	1	8
0.839616	91	0	0	FullDelay	0.839616	839616	2	8
0.849104	58	0	6	LastDelay	0.149104	149104	1	5
0.849104	58	0	6	FullDelay	0.149104	149104	1	5
0.86208	11	0	4	LastDelay	0.46208	462080	1	16
0.86208	11	0	4	FullDelay	0.46208	462080	1	16
0.867648	97	0	7	LastDelay	0.067648	67648	1	2
0.867648	97	0	7	FullDelay	0.067648	67648	1	2
0.876224	88	0	7	LastDelay	0.076224	76224	1	2
0.876224	88	0	7	FullDelay	0.076224	76224	1	2
0.889136	5	0	5	LastDelay	0.389136	389136	1	13
0.889136	5	0	5	FullDelay	0.389136	389136	1	13
0.91768	52	0	6	LastDelay	0.31768	317680	1	11
0.91768	52	0	6	FullDelay	0.31768	317680	1	11
0.926256	16	0	6	LastDelay	0.326256	326256	1	11
0.926256	16	0	6	FullDelay	0.326256	326256	1	11
0.93104	82	0	6	LastDelay	0.23104	231040	1	8
0.93104	82	0	6	FullDelay	0.23104	231040	1	8
0.933952	0	0	4	LastDelay	0.533952	533952	1	18
0.933952	0	0	4	FullDelay	0.533952	533952	1	18
0.939616	91	0	6	LastDelay	0.239616	239616	1	8
0.939616	91	0	6	FullDelay	0.239616	239616	1	8
0.949104	58	0	7	LastDelay	0.149104	149104	1	5
0.949104	58	0	7	FullDelay	0.149104	149104	1	5
0.96208	11	0	5	LastDelay	0.46208	462080	1	16
0.96208	11	0	5	FullDelay	0.46208	462080	1	16
0.967648	97	0	8	LastDelay	0.067648	67648	1	2
0.967648	97	0	8	FullDelay	0.067648	67648	1	2
0.976224	88	0	8	LastDelay	0.076224	76224	1	2
0.976224	88	0	8	FullDelay	0.076224	76224	1	2
0.989136	5	0	6	LastDelay	0.389136	389136	1	13
0.989136	5	0	6	FullDelay	0.389136	389136	1	13
1.01768	52	0	7	LastDelay	0.31768	317680	1	11
1.01768	52	0	7	FullDelay	0.31768	317680	1	11
1.02626	16	0	7	LastDelay	0.326256	326256	1	11
1.02626	16	0	7	FullDelay	0.326256	326256	1	11
1.03104	82	0	7	LastDelay	0.23104	231040	1	8
1.03104	82	0	7	FullDelay	0.23104	231040	1	8
1.03395	0	0	5	LastDelay	0.533952	533952	1	18
1.03395	0	0	5	FullDelay	0.533952	533952	1	18
1.03962	91	0	7	LastDelay	0.239616	239616	1	8
1.03962	91	0	7	FullDelay	0.239616	239616	1	8
1.0491	58	0	8	LastDelay	0.149104	149104	1	5
1.0491	58	0	8	FullDelay	0.149104	149104	1	5
1.06208	11	0	6	LastDelay	0.46208	462080	1	16
1.06208	11	0	6	FullDelay	0.46208	462080	1	16
1.06765	97	0	9	LastDelay	0.067648	67648	1	2
1.06765	97	0	9	FullDelay	0.067648	67648	1	2
1.07622	88	0	9	LastDelay	0.076224	76224	1	2
1.07622	88	0	9	FullDelay	0.076224	76224	1	2
1.08914	5	0	7	LastDelay	0.389136	389136	1	13
1.08914	5	0	7	FullDelay	0.389136	389136	1	13
1.11768	52	0	0	LastDelay	0.31768	317680	1	11
1.11768	52	0	0	FullDelay	1.11768	1.11768e+06	2	11
1.12626	16	0	0	LastDelay	0.326256	326256	1	11
1.12626	16	0	0	FullDelay	1.12626	1.12626e+06	2	11
1.13104	82	0	8	LastDelay	0.23104	231040	1	8
1.13104	82	0	8	FullDelay	0.23104	231040	1	8
1.13395	0	0	6	LastDelay	0.533952	533952	1	18
1.13395	0	0	6	FullDelay	0.533952	533952	1	18
1.13962	91	0	8	LastDelay	0.239616	239616	1	8
1.13962	91	0	8	FullDelay	0.239616	239616	1	8
1.1491	58	0	9	LastDelay	0.149104	149104	1	5
1.1491	58	0	9	FullDelay	0.149104	149104	1	5
1.16208	11	0	7	LastDelay	0.46208	462080	1	16
1.16208	11	0	7	FullDelay	0.46208	462080	1	16
1.16765	97	0	10	LastDelay	0.067648	67648	1	2
1.16765	97	0	10	FullDelay	0.067648	67648	1	2
1.17622	88	0	10	LastDelay	0.076224	76224	1	2
1.17622	88	0	10	FullDelay	0.076224	76224	1	2
1.18914	5	0	8	LastDelay	0.389136	389136	1	13
1.18914	5	0	8	FullDelay	0.389136	389136	1	13
1.21768	52	0	8	LastDelay	0.31768	317680	1	11
1.21768	52	0	8	FullDelay	0.31768	317680	1	11
1.22626	16	0	8	LastDelay	0.326256	326256	1	11
1.22626	16	0	8	FullDelay	0.326256	326256	1	11
1.23104	82	0	9	LastDelay	0.23104	231040	1	8
1.23104	82	0	9	FullDelay	0.23104	231040	1	8
1.23395	0	0	7	LastDelay	0.533952	533952	1	18
1.23395	0	0	7	FullDelay	0.533952	533952	1	18
1.23962	91	0	9	LastDelay	0.239616	239616	1	8
1.23962	91	0	9	FullDelay	0.239616	239616	1	8
1.2491	58	0	10	LastDelay	0.149104	149104	1	5
1.2491	58	0	10	FullDelay	0.149104	149104	1	5
1.26208	11	0	8	LastDelay	0.46208	462080	1	16
1.26208	11	0	8	FullDelay	0.46208	462080	1	16
1.26765	97	0	11	LastDelay	0.067648	67648	1	2
1.26765	97	0	11	FullDelay	0.067648	67648	1	2
1.27622	88	0	11	LastDelay	0.076224	76224	1	2
1.27622	88	0	11	FullDelay	0.076224	76224	1	2
1.28914	5	0	0	LastDelay	0.389136	389136	1	13
1.28914	5	0	0	FullDelay	1.28914	1.28914e+06	2	13
1.31768	52	0	9	LastDelay	0.31768	317680	1	11
1.31768	52	0	9	FullDelay	0.31768	317680	1	11
1.32626	16	0	9	LastDelay	0.326256	326256	1	11
1.32626	16	0	9	FullDelay	0.326256	326256	1	11
1.33104	82	0	10	LastDelay	0.23104	231040	1	8
1.33104	82	0	10	FullDelay	0.23104	231040	1	8
1.33395	0	0	8	LastDelay	0.533952	533952	1	18
1.33395	0	0	8	FullDelay	0.533952	533952	1	18
1.33962	91	0	10	LastDelay	0.239616	239616	1	8
1.33962	91	0	10	FullDelay	0.239616	239616	1	8
1.3491	58	0	11	LastDelay	0.149104	149104	1	5
1.3491	58	0	11	FullDelay	0.149104	149104	1	5
1.36208	11	0	9	LastDelay	0.46208	462080	1	16
1.36208	11	0	9	FullDelay	0.46208	462080	1	16
1.36765	97	0	12	LastDelay	0.067648	67648	1	2
1.36765	97	0	12	FullDelay	0.067648	67648	1	2
1.37622	88	0	12	LastDelay	0.076224	76224	1	2
1.37622	88	0	12	FullDelay	0.076224	76224	1	2
1.38914	5	0	9	LastDelay	0.389136	389136	1	13
1.38914	5	0	9	FullDelay	0.389136	389136	1	13
1.41768	52	0	10	LastDelay	0.31768	317680	1	11
1.41768	52	0	10	FullDelay	0.31768	317680	1	11
1.42626	16	0	10	LastDelay	0.326256	326256	1	11
1.42626	16	0	10	FullDelay	0.326256	326256	1	11
1.43104	82	0	11	LastDelay	0.23104	231040	1	8
1.43104	82	0	11	FullDelay	0.23104	231040	1	8
1.43395	0	0	9	LastDelay	0.533952	533952	1	18
1.43395	0	0	9	FullDelay	0.533952	533952	1	18
1.43962	91	0	11	LastDelay	0.239616	239616	1	8
1.43962	91	0	11	FullDelay	0.239616	239616	1	8
1.4491	58	0	12	LastDelay	0.149104	149104	1	5
1.4491	58	0	12	FullDelay	0.149104	149104	1	5
1.46208	11	0	0	LastDelay	0.46208	462080	1	16
1.46208	11	0	0	FullDelay	1.46208	1.46208e+06	2	16
1.46765	97	0	13	LastDelay	0.067648	67648	1	2
1.46765	97	0	13	FullDelay	0.067648	67648	1	2
1.47622	88	0	13	LastDelay	0.076224	76224	1	2
1.47622	88	0	13	FullDelay	0.076224	76224	1	2
1.48914	5	0	10	LastDelay	0.389136	389136	1	13
1.48914	5	0	10	FullDelay	0.389136	389136	1	13
1.51768	52	0	11	LastDelay	0.31768	317680	1	11
1.51768	52	0	11	FullDelay	0.31768	317680	1	11
1.52626	16	0	11	LastDelay	0.326256	326256	1	11
1.52626	16	0	11	FullDelay	0.326256	326256	1	11
1.53104	82	0	12	LastDelay	0.23104	231040	1	8
1.53104	82	0	12	FullDelay	0.23104	231040	1	8
1.53395	0	0	10	LastDelay	0.533952	533952	1	18
1.53395	0	0	10	FullDelay	0.533952	533952	1	18
1.53962	91	0	12	LastDelay	0.239616	239616	1	8
1.53962	91	0	12	FullDelay	0.239616	239616	1	8
1.5491	58	0	13	LastDelay	0.149104	149104	1	5
1.5491	58	0	13	FullDelay	0.149104	149104	1	5
1.56208	11	0	10	LastDelay	0.46208	462080	1	16
1.56208	11	0	10	FullDelay	0.46208	462080	1	16
1.56765	97	0	14	LastDelay	0.067648	67648	1	2
1.56765	97	0	14	FullDelay	0.067648	67648	1	2
1.57622	88	0	14	LastDelay	0.076224	76224	1	2
1.57622	88	0	14	FullDelay	0.076224	76224	1	2
1.58914	5	0	11	LastDelay	0.389136	389136	1	13
1.58914	5	0	11	FullDelay	0.389136	389136	1	13
1.61768	52	0	12	LastDelay	0.31768	317680	1	11
1.61768	52	0	12	FullDelay	0.31768	317680	1	11
1.62626	16	0	12	LastDelay	0.326256	326256	1	11
1.62626	16	0	12	FullDelay	0.326256	326256	1	11
1.63104	82	0	13	LastDelay	0.23104	231040	1	8
1.63104	82	0	13	FullDelay	0.23104	231040	1	8
1.63395	0	0	0	LastDelay	0.533952	533952	1	18
1.63395	0	0	0	FullDelay	1.63395	1.63395e+06	2	18
1.63962	91	0	13	LastDelay	0.239616	239616	1	8
1.63962	91	0	13	FullDelay	0.239616	239616	1	8
1.6491	58	0	14	LastDelay	0.149104	149104	1	5
1.6491	58	0	14	FullDelay	0.149104	149104	1	5
1.66208	11	0	11	LastDelay	0.46208	462080	1	16
1.66208	11	0	11	FullDelay	0.46208	462080	1	16
1.66765	97	0	15	LastDelay	0.067648	67648	1	2
1.66765	97	0	15	FullDelay	0.067648	67648	1	2
1.67622	88	0	15	LastDelay	0.076224	76224	1	2
1.67622	88	0	15	FullDelay	0.076224	76224	1	2
1.68914	5	0	12	LastDelay	0.389136	389136	1	13
1.68914	5	0	12	FullDelay	0.389136	389136	1	13
1.71768	52	0	13	LastDelay	0.31768	317680	1	11
1.71768	52	0	13	FullDelay	0.31768	317680	1	11
1.72626	16	0	13	LastDelay	0.326256	326256	1	11
1.72626	16	0	13	FullDelay	0.326256	326256	1	11
1.73104	82	0	14	LastDelay	0.23104	231040	1	8
1.73104	82	0	14	FullDelay	0.23104	231040	1	8
1.73395	0	0	11	LastDelay	0.533952	533952	1	18
1.73395	0	0	11	FullDelay	0.533952	533952	1	18
1.73962	91	0	14	LastDelay	0.239616	239616	1	8
1.73962	91	0	14	FullDelay	0.239616	239616	1	8
1.7491	58	0	15	LastDelay	0.149104	149104	1	5
1.7491	58	0	15	FullDelay	0.149104	149104	1	5
1.76208	11	0	12	LastDelay	0.46208	462080	1	16
1.76208	11	0	12	FullDelay	0.46208	462080	1	16
1.76765	97	0	16	LastDelay	0.067648	67648	1	2
1.76765	97	0	16	FullDelay	0.067648	67648	1	2
1.77622	88	0	16	LastDelay	0.076224	76224	1	2
1.77622	88	0	16	FullDelay	0.076224	76224	1	2
1.78914	5	0	13	LastDelay	0.389136	389136	1	13
1.78914	5	0	13	FullDelay	0.389136	389136	1	13
1.81768	52	0	14	LastDelay	0.31768	317680	1	11
1.81768	52	0	14	FullDelay	0.31768	317680	1	11
1.82626	16	0	14	LastDelay	0.326256	326256	1	11
1.82626	16	0	14	FullDelay	0.326256	326256	1	11
1.83104	82	0	15	LastDelay	0.23104	231040	1	8
1.83104	82	0	15	FullDelay	0.23104	231040	1	8
1.83395	0	0	12	LastDelay	0.533952	533952	1	18
1.83395	0	0	12	FullDelay	0.533952	533952	1	18
1.83962	91	0	15	LastDelay	0.239616	239616	1	8
1.83962	91	0	15	FullDelay	0.239616	239616	1	8
1.8491	58	0	16	LastDelay	0.149104	149104	1	5
1.8491	58	0	16	FullDelay	0.149104	149104	1	5
1.86208	11	0	13	LastDelay	0.46208	462080	1	16
1.86208	11	0	13	FullDelay	0.46208	462080	1	16
1.86765	97	0	17	LastDelay	0.067648	67648	1	2
1.86765	97	0	17	FullDelay	0.067648	67648	1	2
1.87622	88	0	17	LastDelay	0.076224	76224	1	2
1.87622	88	0	17	FullDelay	0.076224	76224	1	2
1.88914	5	0	14	LastDelay	0.389136	389136	1	13
1.88914	5	0	14	FullDelay	0.389136	389136	1	13
1.91768	52	0	15	LastDelay	0.31768	317680	1	11
1.91768	52	0	15	FullDelay	0.31768	317680	1	11
1.92626	16	0	15	LastDelay	0.326256	326256	1	11
1.92626	16	0	15	FullDelay	0.326256	326256	1	11
1.93104	82	0	16	LastDelay	0.23104	231040	1	8
1.93104	82	0	16	FullDelay	0.23104	231040	1	8
1.93395	0	0	13	LastDelay	0.533952	533952	1	18
1.93395	0	0	13	FullDelay	0.533952	533952	1	18
1.93962	91	0	16	LastDelay	0.239616	239616	1	8
1.93962	91	0	16	FullDelay	0.239616	239616	1	8
1.9491	58	0	17	LastDelay	0.149104	149104	1	5
1.9491	58	0	17	FullDelay	0.149104	149104	1	5
1.96208	11	0	14	LastDelay	0.46208	462080	1	16
1.96208	11	0	14	FullDelay	0.46208	462080	1	16
1.96765	97	0	18	LastDelay	0.067648	67648	1	2
1.96765	97	0	18	FullDelay	0.067648	67648	1	2
1.97622	88	0	18	LastDelay	0.076224	76224	1	2
1.97622	88	0	18	FullDelay	0.076224	76224	1	2
1.98914	5	0	15	LastDelay	0.389136	389136	1	13
1.98914	5	0	15	FullDelay	0.389136	389136	1	13
2.01768	52	0	16	LastDelay	0.31768	317680	1	11
2.01768	52	0	16	FullDelay	0.31768	317680	1	11
2.02626	16	0	16	LastDelay	0.326256	326256	1	11
2.02626	16	0	16	FullDelay	0.326256	326256	1	11
2.03104	82	0	17	LastDelay	0.23104	231040	1	8
2.03104	82	0	17	FullDelay	0.23104	231040	1	8
2.03395	0	0	14	LastDelay	0.533952	533952	1	18
2.03395	0	0	14	FullDelay	0.533952	533952	1	18
2.03962	91	0	17	LastDelay	0.239616	239616	1	8
2.03962	91	0	17	FullDelay	0.239616	239616	1	8
2.0491	58	0	18	LastDelay	0.149104	149104	1	5
2.0491	58	0	18	FullDelay	0.149104	149104	1	5
2.06208	11	0	15	LastDelay	0.46208	462080	1	16
2.06208	11	0	15	FullDelay	0.46208	462080	1	16
2.06765	97	0	19	LastDelay	0.067648	67648	1	2
2.06765	97	0	19	FullDelay	0.067648	67648	1	2
2.07622	88	0	19	LastDelay	0.076224	76224	1	2
2.07622	88	0	19	FullDelay	0.076224	76224	1	2
2.08914	5	0	16	LastDelay	0.389136	389136	1	13
2.08914	5	0	16	FullDelay	0.389136	389136	1	13
2.11768	52	0	17	LastDelay	0.31768	317680	1	11
2.11768	52	0	17	FullDelay	0.31768	317680	1	11
2.12626	16	0	17	LastDelay	0.326256	326256	1	11
2.12626	16	0	17	FullDelay	0.326256	326256	1	11
2.13104	82	0	18	LastDelay	0.23104	231040	1	8
2.13104	82	0	18	FullDelay	0.23104	231040	1	8
2.13395	0	0	15	LastDelay	0.533952	533952	1	18
2.13395	0	0	15	FullDelay	0.533952	533952	1	18
2.13962	91	0	18	LastDelay	0.239616	239616	1	8
2.13962	91	0	18	FullDelay	0.239616	239616	1	8
2.1491	58	0	19	LastDelay	0.149104	149104	1	5
2.1491	58	0	19	FullDelay	0.149104	149104	1	5
2.16208	11	0	16	LastDelay	0.46208	462080	1	16
2.16208	11	0	16	FullDelay	0.46208	462080	1	16
2.16765	97	0	20	LastDelay	0.067648	67648	1	2
2.16765	97	0	20	FullDelay	0.067648	67648	1	2
2.17622	88	0	20	LastDelay	0.076224	76224	1	2
2.17622	88	0	20	FullDelay	0.076224	76224	1	2
2.18914	5	0	17	LastDelay	0.389136	389136	1	13
2.18914	5	0	17	FullDelay	0.389136	389136	1	13
2.21768	52	0	18	LastDelay	0.31768	317680	1	11
2.21768	52	0	18	FullDelay	0.31768	317680	1	11
2.22626	16	0	18	LastDelay	0.326256	326256	1	11
2.22626	16	0	18	FullDelay	0.326256	326256	1	11
2.23104	82	0	19	LastDelay	0.23104	231040	1	8
2.23104	82	0	19	FullDelay	0.23104	231040	1	8
2.23395	0	0	16	LastDelay	0.533952	533952	1	18
2.23395	0	0	16	FullDelay	0.533952	533952	1	18
2.23962	91	0	19	LastDelay	0.239616	239616	1	8
2.23962	91	0	19	FullDelay	0.239616	239616	1	8
2.2491	58	0	20	LastDelay	0.149104	149104	1	5
2.2491	58	0	20	FullDelay	0.149104	149104	1	5
2.26208	11	0	17	LastDelay	0.46208	462080	1	16
2.26208	11	0	17	FullDelay	0.46208	462080	1	16
2.26765	97	0	21	LastDelay	0.067648	67648	1	2
2.26765	97	0	21	FullDelay	0.067648	67648	1	2
2.27622	88	0	21	LastDelay	0.076224	76224	1	2
2.27622	88	0	21	FullDelay	0.076224	76224	1	2
2.28914	5	0	18	LastDelay	0.389136	389136	1	13
2.28914	5	0	18	FullDelay	0.389136	389136	1	13
2.31768	52	0	19	LastDelay	0.31768	317680	1	11
2.31768	52	0	19	FullDelay	0.31768	317680	1	11
2.32626	16	0	19	LastDelay	0.326256	326256	1	11
2.32626	16	0	19	FullDelay	0.326256	326256	1	11
2.33104	82	0	20	LastDelay	0.23104	231040	1	8
2.33104	82	0	20	FullDelay	0.23104	231040	1	8
2.33395	0	0	17	LastDelay	0.533952	533952	1	18
2.33395	0	0	17	FullDelay	0.533952	533952	1	18
2.33962	91	0	20	LastDelay	0.239616	239616	1	8
2.33962	91	0	20	FullDelay	0.239616	239616	1	8
2.3491	58	0	21	LastDelay	0.149104	149104	1	5
2.3491	58	0	21	FullDelay	0.149104	149104	1	5
2.36208	11	0	18	LastDelay	0.46208	462080	1	16
2.36208	11	0	18	FullDelay	0.46208	462080	1	16
2.36765	97	0	22	LastDelay	0.067648	67648	1	2
2.36765	97	0	22	FullDelay	0.067648	67648	1	2
2.37622	88	0	22	LastDelay	0.076224	76224	1	2
2.37622	88	0	22	FullDelay	0.076224	76224	1	2
2.38914	5	0	19	LastDelay	0.389136	389136	1	13
2.38914	5	0	19	FullDelay	0.389136	389136	1	13
2.41768	52	0	20	LastDelay	0.31768	317680	1	11
2.41768	52	0	20	FullDelay	0.31768	317680	1	11
2.42626	16	0	20	LastDelay	0.326256	326256	1	11
2.42626	16	0	20	FullDelay	0.326256	326256	1	11
2.43104	82	0	21	LastDelay	0.23104	231040	1	8
2.43104	82	0	21	FullDelay	0.23104	231040	1	8
2.43395	0	0	18	LastDelay	0.533952	533952	1	18
2.43395	0	0	18	FullDelay	0.533952	533952	1	18
2.43962	91	0	21	LastDelay	0.239616	239616	1	8
2.43962	91	0	21	FullDelay	0.239616	239616	1	8
2.4491	58	0	22	LastDelay	0.149104	149104	1	5
2.4491	58	0	22	FullDelay	0.149104	149104	1	5
2.46208	11	0	19	LastDelay	0.46208	462080	1	16
2.46208	11	0	19	FullDelay	0.46208	462080	1	16
2.46765	97	0	23	LastDelay	0.067648	67648	1	2
2.46765	97	0	23	FullDelay	0.067648	67648	1	2
2.47622	88	0	23	LastDelay	0.076224	76224	1	2
2.47622	88	0	23	FullDelay	0.076224	76224	1	2
2.48914	5	0	20	LastDelay	0.389136	389136	1	13
2.48914	5	0	20	FullDelay	0.389136	389136	1	13
2.51768	52	0	21	LastDelay	0.31768	317680	1	11
2.51768	52	0	21	FullDelay	0.31768	317680	1	11
2.52626	16	0	21	LastDelay	0.326256	326256	1	11
2.52626	16	0	21	FullDelay	0.326256	326256	1	11
2.53104	82	0	22	LastDelay	0.23104	231040	1	8
2.53104	82	0	22	FullDelay	0.23104	231040	1	8
2.53395	0	0	19	LastDelay	0.533952	533952	1	18
2.53395	0	0	19	FullDelay	0.533952	533952	1	18
2.53962	91	0	22	LastDelay	0.239616	239616	1	8
2.53962	91	0	22	FullDelay	0.239616	239616	1	8
2.5491	58	0	23	LastDelay	0.149104	149104	1	5
2.5491	58	0	23	FullDelay	0.149104	149104	1	5
2.56208	11	0	20	LastDelay	0.46208	462080	1	16
2.56208	11	0	20	FullDelay	0.46208	462080	1	16
2.56765	97	0	24	LastDelay	0.067648	67648	1	2
2.56765	97	0	24	FullDelay	0.067648	67648	1	2
2.57622	88	0	24	LastDelay	0.076224	76224	1	2
2.57622	88	0	24	FullDelay	0.076224	76224	1	2
2.58914	5	0	21	LastDelay	0.389136	389136	1	13
2.58914	5	0	21	FullDelay	0.389136	389136	1	13
2.61768	52	0	22	LastDelay	0.31768	317680	1	11
2.61768	52	0	22	FullDelay	0.31768	317680	1	11
2.62626	16	0	22	LastDelay	0.326256	326256	1	11
2.62626	16	0	22	FullDelay	0.326256	326256	1	11
2.63104	82	0	23	LastDelay	0.23104	231040	1	8
2.63104	82	0	23	FullDelay	0.23104	231040	1	8
2.63395	0	0	20	LastDelay	0.533952	533952	1	18
2.63395	0	0	20	FullDelay	0.533952	533952	1	18
2.63962	91	0	23	LastDelay	0.239616	239616	1	8
2.63962	91	0	23	FullDelay	0.239616	239616	1	8
2.6491	58	0	24	LastDelay	0.149104	149104	1	5
2.6491	58	0	24	FullDelay	0.149104	149104	1	5
2.66208	11	0	21	LastDelay	0.46208	462080	1	16
2.66208	11	0	21	FullDelay	0.46208	462080	1	16
2.66765	97	0	25	LastDelay	0.067648	67648	1	2
2.66765	97	0	25	FullDelay	0.067648	67648	1	2
2.67622	88	0	25	LastDelay	0.076224	76224	1	2
2.67622	88	0	25	FullDelay	0.076224	76224	1	2
2.68914	5	0	22	LastDelay	0.389136	389136	1	13
2.68914	5	0	22	FullDelay	0.389136	389136	1	13
2.71768	52	0	23	LastDelay	0.31768	317680	1	11
2.71768	52	0	23	FullDelay	0.31768	317680	1	11
2.72626	16	0	23	LastDelay	0.326256	326256	1	11
2.72626	16	0	23	FullDelay	0.326256	326256	1	11
2.73104	82	0	24	LastDelay	0.23104	231040	1	8
2.73104	82	0	24	FullDelay	0.23104	231040	1	8
2.73395	0	0	21	LastDelay	0.533952	533952	1	18
2.73395	0	0	21	FullDelay	0.533952	533952	1	18
2.73962	91	0	24	LastDelay	0.239616	239616	1	8
2.73962	91	0	24	FullDelay	0.239616	239616	1	8
2.7491	58	0	25	LastDelay	0.149104	149104	1	5
2.7491	58	0	25	FullDelay	0.149104	149104	1	5
2.76208	11	0	22	LastDelay	0.46208	462080	1	16
2.76208	11	0	22	FullDelay	0.46208	462080	1	16
2.76765	97	0	26	LastDelay	0.067648	67648	1	2
2.76765	97	0	26	FullDelay	0.067648	67648	1	2
2.77622	88	0	26	LastDelay	0.076224	76224	1	2
2.77622	88	0	26	FullDelay	0.076224	76224	1	2
2.78914	5	0	23	LastDelay	0.389136	389136	1	13
2.78914	5	0	23	FullDelay	0.389136	389136	1	13
2.81768	52	0	24	LastDelay	0.31768	317680	1	11
2.81768	52	0	24	FullDelay	0.31768	317680	1	11
2.82626	16	0	24	LastDelay	0.326256	326256	1	11
2.82626	16	0	24	FullDelay	0.326256	326256	1	11
2.83104	82	0	25	LastDelay	0.23104	231040	1	8
2.83104	82	0	25	FullDelay	0.23104	231040	1	8
2.83395	0	0	22	LastDelay	0.533952	533952	1	18
2.83395	0	0	22	FullDelay	0.533952	533952	1	18
2.83962	91	0	25	LastDelay	0.239616	239616	1	8
2.83962	91	0	25	FullDelay	0.239616	239616	1	8
2.8491	58	0	26	LastDelay	0.149104	149104	1	5
2.8491	58	0	26	FullDelay	0.149104	149104	1	5
2.86208	11	0	23	LastDelay	0.46208	462080	1	16
2.86208	11	0	23	FullDelay	0.46208	462080	1	16
2.86765	97	0	27	LastDelay	0.067648	67648	1	2
2.86765	97	0	27	FullDelay	0.067648	67648	1	2
2.87622	88	0	27	LastDelay	0.076224	76224	1	2
2.87622	88	0	27	FullDelay	0.076224	76224	1	2
2.88914	5	0	24	LastDelay	0.389136	389136	1	13
2.88914	5	0	24	FullDelay	0.389136	389136	1	13
2.91768	52	0	25	LastDelay	0.31768	317680	1	11
2.91768	52	0	25	FullDelay	0.31768	317680	1	11
2.92626	16	0	25	LastDelay	0.326256	326256	1	11
2.92626	16	0	25	FullDelay	0.326256	326256	1	11
2.93104	82	0	26	LastDelay	0.23104	231040	1	8
2.93104	82	0	26	FullDelay	0.23104	231040	1	8
2.93395	0	0	23	LastDelay	0.533952	533952	1	18
2.93395	0	0	23	FullDelay	0.533952	533952	1	18
2.93962	91	0	26	LastDelay	0.239616	239616	1	8
2.93962	91	0	26	FullDelay	0.239616	239616	1	8
2.9491	58	0	27	LastDelay	0.149104	149104	1	5
2.9491	58	0	27	FullDelay	0.149104	149104	1	5
2.96208	11	0	24	LastDelay	0.46208	462080	1	16
2.96208	11	0	24	FullDelay	0.46208	462080	1	16
2.96765	97	0	28	LastDelay	0.067648	67648	1	2
2.96765	97	0	28	FullDelay	0.067648	67648	1	2
2.97622	88	0	28	LastDelay	0.076224	76224	1	2
2.97622	88	0	28	FullDelay	0.076224	76224	1	2
2.98914	5	0	25	LastDelay	0.389136	389136	1	13
2.98914	5	0	25	FullDelay	0.389136	389136	1	13
3.01768	52	0	26	LastDelay	0.31768	317680	1	11
3.01768	52	0	26	FullDelay	0.31768	317680	1	11
3.02626	16	0	26	LastDelay	0.326256	326256	1	11
3.02626	16	0	26	FullDelay	0.326256	326256	1	11
3.03104	82	0	27	LastDelay	0.23104	231040	1	8
3.03104	82	0	27	FullDelay	0.23104	231040	1	8
3.03395	0	0	24	LastDelay	0.533952	533952	1	18
3.03395	0	0	24	FullDelay	0.533952	533952	1	18
3.03962	91	0	27	LastDelay	0.239616	239616	1	8
3.03962	91	0	27	FullDelay	0.239616	239616	1	8
3.0491	58	0	28	LastDelay	0.149104	149104	1	5
3.0491	58	0	28	FullDelay	0.149104	149104	1	5
3.06208	11	0	25	LastDelay	0.46208	462080	1	16
3.06208	11	0	25	FullDelay	0.46208	462080	1	16
3.06765	97	0	29	LastDelay	0.067648	67648	1	2
3.06765	97	0	29	FullDelay	0.067648	67648	1	2
3.07622	88	0	29	LastDelay	0.076224	76224	1	2
3.07622	88	0	29	FullDelay	0.076224	76224	1	2
3.08914	5	0	26	LastDelay	0.389136	389136	1	13
3.08914	5	0	26	FullDelay	0.389136	389136	1	13
3.11768	52	0	27	LastDelay	0.31768	317680	1	11
3.11768	52	0	27	FullDelay	0.31768	317680	1	11
3.12626	16	0	27	LastDelay	0.326256	326256	1	11
3.12626	16	0	27	FullDelay	0.326256	326256	1	11
3.13104	82	0	28	LastDelay	0.23104	231040	1	8
3.13104	82	0	28	FullDelay	0.23104	231040	1	8
3.13395	0	0	25	LastDelay	0.533952	533952	1	18
3.13395	0	0	25	FullDelay	0.533952	533952	1	18
3.13962	91	0	28	LastDelay	0.239616	239616	1	8
3.13962	91	0	28	FullDelay	0.239616	239616	1	8
3.1491	58	0	29	LastDelay	0.149104	149104	1	5
3.1491	58	0	29	FullDelay	0.149104	149104	1	5
3.16208	11	0	26	LastDelay	0.46208	462080	1	16
3.16208	11	0	26	FullDelay	0.46208	462080	1	16
3.16765	97	0	30	LastDelay	0.067648	67648	1	2
3.16765	97	0	30	FullDelay	0.067648	67648	1	2
3.17622	88	0	30	LastDelay	0.076224	76224	1	2
3.17622	88	0	30	FullDelay	0.076224	76224	1	2
3.18914	5	0	27	LastDelay	0.389136	389136	1	13
3.18914	5	0	27	FullDelay	0.389136	389136	1	13
3.21768	52	0	28	LastDelay	0.31768	317680	1	11
3.21768	52	0	28	FullDelay	0.31768	317680	1	11
3.22626	16	0	28	LastDelay	0.326256	326256	1	11
3.22626	16	0	28	FullDelay	0.326256	326256	1	11
3.23104	82	0	29	LastDelay	0.23104	231040	1	8
3.23104	82	0	29	FullDelay	0.23104	231040	1	8
3.23395	0	0	26	LastDelay	0.533952	533952	1	18
3.23395	0	0	26	FullDelay	0.533952	533952	1	18
3.23962	91	0	29	LastDelay	0.239616	239616	1	8
3.23962	91	0	29	FullDelay	0.239616	239616	1	8
3.2491	58	0	30	LastDelay	0.149104	149104	1	5
3.2491	58	0	30	FullDelay	0.149104	149104	1	5
3.26208	11	0	27	LastDelay	0.46208	462080	1	16
3.26208	11	0	27	FullDelay	0.46208	462080	1	16
3.26765	97	0	31	LastDelay	0.067648	67648	1	2
3.26765	97	0	31	FullDelay	0.067648	67648	1	2
3.27622	88	0	31	LastDelay	0.076224	76224	1	2
3.27622	88	0	31	FullDelay	0.076224	76224	1	2
3.28914	5	0	28	LastDelay	0.389136	389136	1	13
3.28914	5	0	28	FullDelay	0.389136	389136	1	13
3.31768	52	0	29	LastDelay	0.31768	317680	1	11
3.31768	52	0	29	FullDelay	0.31768	317680	1	11
3.32626	16	0	29	LastDelay	0.326256	326256	1	11
3.32626	16	0	29	FullDelay	0.326256	326256	1	11
3.33104	82	0	30	LastDelay	0.23104	231040	1	8
3.33104	82	0	30	FullDelay	0.23104	231040	1	8
3.33395	0	0	27	LastDelay	0.533952	533952	1	18
3.33395	0	0	27	FullDelay	0.533952	533952	1	18
3.33962	91	0	30	LastDelay	0.239616	239616	1	8
3.33962	91	0	30	FullDelay	0.239616	239616	1	8
3.3491	58	0	31	LastDelay	0.149104	149104	1	5
3.3491	58	0	31	FullDelay	0.149104	149104	1	5
3.36208	11	0	28	LastDelay	0.46208	462080	1	16
3.36208	11	0	28	FullDelay	0.46208	462080	1	16
3.36765	97	0	32	LastDelay	0.067648	67648	1	2
3.36765	97	0	32	FullDelay	0.067648	67648	1	2
3.37622	88	0	32	LastDelay	0.076224	76224	1	2
3.37622	88	0	32	FullDelay	0.076224	76224	1	2
3.38914	5	0	29	LastDelay	0.389136	389136	1	13
3.38914	5	0	29	FullDelay	0.389136	389136	1	13
3.41768	52	0	30	LastDelay	0.31768	317680	1	11
3.41768	52	0	30	FullDelay	0.31768	317680	1	11
3.42626	16	0	30	LastDelay	0.326256	326256	1	11
3.42626	16	0	30	FullDelay	0.326256	326256	1	11
3.43104	82	0	31	LastDelay	0.23104	231040	1	8
3.43104	82	0	31	FullDelay	0.23104	231040	1	8
3.43395	0	0	28	LastDelay	0.533952	533952	1	18
3.43395	0	0	28	FullDelay	0.533952	533952	1	18
3.43962	91	0	31	LastDelay	0.239616	239616	1	8
3.43962	91	0	31	FullDelay	0.239616	239616	1	8
3.4491	58	0	32	LastDelay	0.149104	149104	1	5
3.4491	58	0	32	FullDelay	0.149104	149104	1	5
3.46208	11	0	29	LastDelay	0.46208	462080	1	16
3.46208	11	0	29	FullDelay	0.46208	462080	1	16
3.46765	97	0	33	LastDelay	0.067648	67648	1	2
3.46765	97	0	33	FullDelay	0.067648	67648	1	2
3.47622	88	0	33	LastDelay	0.076224	76224	1	2
3.47622	88	0	33	FullDelay	0.076224	76224	1	2
3.48914	5	0	30	LastDelay	0.389136	389136	1	13
3.48914	5	0	30	FullDelay	0.389136	389136	1	13
3.51768	52	0	31	LastDelay	0.31768	317680	1	11
3.51768	52	0	31	FullDelay	0.31768	317680	1	11
3.52626	16	0	31	LastDelay	0.326256	326256	1	11
3.52626	16	0	31	FullDelay	0.326256	326256	1	11
3.53104	82	0	32	LastDelay	0.23104	231040	1	8
3.53104	82	0	32	FullDelay	0.23104	231040	1	8
3.53395	0	0	29	LastDelay	0.533952	533952	1	18
3.53395	0	0	29	FullDelay	0.533952	533952	1	18
3.53962	91	0	32	LastDelay	0.239616	239616	1	8
3.53962	91	0	32	FullDelay	0.239616	239616	1	8
3.5491	58	0	33	LastDelay	0.149104	149104	1	5
3.5491	58	0	33	FullDelay	0.149104	149104	1	5
3.56208	11	0	30	LastDelay	0.46208	462080	1	16
3.56208	11	0	30	FullDelay	0.46208	462080	1	16
3.56765	97	0	34	LastDelay	0.067648	67648	1	2
3.56765	97	0	34	FullDelay	0.067648	67648	1	2
3.57622	88	0	34	LastDelay	0.076224	76224	1	2
3.57622	88	0	34	FullDelay	0.076224	76224	1	2
3.58914	5	0	31	LastDelay	0.389136	389136	1	13
3.58914	5	0	31	FullDelay	0.389136	389136	1	13
3.61768	52	0	32	LastDelay	0.31768	317680	1	11
3.61768	52	0	32	FullDelay	0.31768	317680	1	11
3.62626	16	0	32	LastDelay	0.326256	326256	1	11
3.62626	16	0	32	FullDelay	0.326256	326256	1	11
3.63104	82	0	33	LastDelay	0.23104	231040	1	8
3.63104	82	0	33	FullDelay	0.23104	231040	1	8
3.63395	0	0	30	LastDelay	0.533952	533952	1	18
3.63395	0	0	30	FullDelay	0.533952	533952	1	18
3.63962	91	0	33	LastDelay	0.239616	239616	1	8
3.63962	91	0	33	FullDelay	0.239616	239616	1	8
3.6491	58	0	34	LastDelay	0.149104	149104	1	5
3.6491	58	0	34	FullDelay	0.149104	149104	1	5
3.66208	11	0	31	LastDelay	0.46208	462080	1	16
3.66208	11	0	31	FullDelay	0.46208	462080	1	16
3.66765	97	0	35	LastDelay	0.067648	67648	1	2
3.66765	97	0	35	FullDelay	0.067648	67648	1	2
3.67622	88	0	35	LastDelay	0.076224	76224	1	2
3.67622	88	0	35	FullDelay	0.076224	76224	1	2
3.68914	5	0	32	LastDelay	0.389136	389136	1	13
3.68914	5	0	32	FullDelay	0.389136	389136	1	13
3.71768	52	0	33	LastDelay	0.31768	317680	1	11
3.71768	52	0	33	FullDelay	0.31768	317680	1	11
3.72626	16	0	33	LastDelay	0.326256	326256	1	11
3.72626	16	0	33	FullDelay	0.326256	326256	1	11
3.73104	82	0	34	LastDelay	0.23104	231040	1	8
3.73104	82	0	34	FullDelay	0.23104	231040	1	8
3.73395	0	0	31	LastDelay	0.533952	533952	1	18
3.73395	0	0	31	FullDelay	0.533952	533952	1	18
3.73962	91	0	34	LastDelay	0.239616	239616	1	8
3.73962	91	0	34	FullDelay	0.239616	239616	1	8
3.7491	58	0	35	LastDelay	0.149104	149104	1	5
3.7491	58	0	35	FullDelay	0.149104	149104	1	5
3.76208	11	0	32	LastDelay	0.46208	462080	1	16
3.76208	11	0	32	FullDelay	0.46208	462080	1	16
3.76765	97	0	36	LastDelay	0.067648	67648	1	2
3.76765	97	0	36	FullDelay	0.067648	67648	1	2
3.77622	88	0	36	LastDelay	0.076224	76224	1	2
3.77622	88	0	36	FullDelay	0.076224	76224	1	2
3.78914	5	0	33	LastDelay	0.389136	389136	1	13
3.78914	5	0	33	FullDelay	0.389136	389136	1	13
3.81768	52	0	34	LastDelay	0.31768	317680	1	11
3.81768	52	0	34	FullDelay	0.31768	317680	1	11
3.82626	16	0	34	LastDelay	0.326256	326256	1	11
3.82626	16	0	34	FullDelay	0.326256	326256	1	11
3.83104	82	0	35	LastDelay	0.23104	231040	1	8
3.83104	82	0	35	FullDelay	0.23104	231040	1	8
3.83395	0	0	32	LastDelay	0.533952	533952	1	18
3.83395	0	0	32	FullDelay	0.533952	533952	1	18
3.83962	91	0	35	LastDelay	0.239616	239616	1	8
3.83962	91	0	35	FullDelay	0.239616	239616	1	8
3.8491	58	0	36	LastDelay	0.149104	149104	1	5
3.8491	58	0	36	FullDelay	0.149104	149104	1	5
3.86208	11	0	33	LastDelay	0.46208	462080	1	16
3.86208	11	0	33	FullDelay	0.46208	462080	1	16
3.86765	97	0	37	LastDelay	0.067648	67648	1	2
3.86765	97	0	37	FullDelay	0.067648	67648	1	2
3.87622	88	0	37	LastDelay	0.076224	76224	1	2
3.87622	88	0	37	FullDelay	0.076224	76224	1	2
3.88914	5	0	34	LastDelay	0.389136	389136	1	13
3.88914	5	0	34	FullDelay	0.389136	389136	1	13
3.91768	52	0	35	LastDelay	0.31768	317680	1	11
3.91768	52	0	35	FullDelay	0.31768	317680	1	11
3.92626	16	0	35	LastDelay	0.326256	326256	1	11
3.92626	16	0	35	FullDelay	0.326256	326256	1	11
3.93104	82	0	36	LastDelay	0.23104	231040	1	8
3.93104	82	0	36	FullDelay	0.23104	231040	1	8
3.93395	0	0	33	LastDelay	0.533952	533952	1	18
3.93395	0	0	33	FullDelay	0.533952	533952	1	18
3.93962	91	0	36	LastDelay	0.239616	239616	1	8
3.93962	91	0	36	FullDelay	0.239616	239616	1	8
3.9491	58	0	37	LastDelay	0.149104	149104	1	5
3.9491	58	0	37	FullDelay	0.149104	149104	1	5
3.96208	11	0	34	LastDelay	0.46208	462080	1	16
3.96208	11	0	34	FullDelay	0.46208	462080	1	16
3.96765	97	0	38	LastDelay	0.067648	67648	1	2
3.96765	97	0	38	FullDelay	0.067648	67648	1	2
3.97622	88	0	38	LastDelay	0.076224	76224	1	2
3.97622	88	0	38	FullDelay	0.076224	76224	1	2
3.98914	5	0	35	LastDelay	0.389136	389136	1	13
3.98914	5	0	35	FullDelay	0.389136	389136	1	13
4.01768	52	0	36	LastDelay	0.31768	317680	1	11
4.01768	52	0	36	FullDelay	0.31768	317680	1	11
4.02626	16	0	36	LastDelay	0.326256	326256	1	11
4.02626	16	0	36	FullDelay	0.326256	326256	1	11
4.03104	82	0	37	LastDelay	0.23104	231040	1	8
4.03104	82	0	37	FullDelay	0.23104	231040	1	8
4.03395	0	0	34	LastDelay	0.533952	533952	1	18
4.03395	0	0	34	FullDelay	0.533952	533952	1	18
4.03962	91	0	37	LastDelay	0.239616	239616	1	8
4.03962	91	0	37	FullDelay	0.239616	239616	1	8
4.0491	58	0	38	LastDelay	0.149104	149104	1	5
4.0491	58	0	38	FullDelay	0.149104	149104	1	5
4.06208	11	0	35	LastDelay	0.46208	462080	1	16
4.06208	11	0	35	FullDelay	0.46208	462080	1	16
4.06765	97	0	39	LastDelay	0.067648	67648	1	2
4.06765	97	0	39	FullDelay	0.067648	67648	1	2
4.07622	88	0	39	LastDelay	0.076224	76224	1	2
4.07622	88	0	39	FullDelay	0.076224	76224	1	2
4.08914	5	0	36	LastDelay	0.389136	389136	1	13
4.08914	5	0	36	FullDelay	0.389136	389136	1	13
4.11768	52	0	37	LastDelay	0.31768	317680	1	11
4.11768	52	0	37	FullDelay	0.31768	317680	1	11
4.12626	16	0	37	LastDelay	0.326256	326256	1	11
4.12626	16	0	37	FullDelay	0.326256	326256	1	11
4.13104	82	0	38	LastDelay	0.23104	231040	1	8
4.13104	82	0	38	FullDelay	0.23104	231040	1	8
4.13395	0	0	35	LastDelay	0.533952	533952	1	18
4.13395	0	0	35	FullDelay	0.533952	533952	1	18
4.13962	91	0	38	LastDelay	0.239616	239616	1	8
4.13962	91	0	38	FullDelay	0.239616	239616	1	8
4.1491	58	0	39	LastDelay	0.149104	149104	1	5
4.1491	58	0	39	FullDelay	0.149104	149104	1	5
4.16208	11	0	36	LastDelay	0.46208	462080	1	16
4.16208	11	0	36	FullDelay	0.46208	462080	1	16
4.16765	97	0	40	LastDelay	0.067648	67648	1	2
4.16765	97	0	40	FullDelay	0.067648	67648	1	2
4.17622	88	0	40	LastDelay	0.076224	76224	1	2
4.17622	88	0	40	FullDelay	0.076224	76224	1	2
4.18914	5	0	37	LastDelay	0.389136	389136	1	13
4.18914	5	0	37	FullDelay	0.389136	389136	1	13
4.21768	52	0	38	LastDelay	0.31768	317680	1	11
4.21768	52	0	38	FullDelay	0.31768	317680	1	11
4.22626	16	0	38	LastDelay	0.326256	326256	1	11
4.22626	16	0	38	FullDelay	0.326256	326256	1	11
4.23104	82	0	39	LastDelay	0.23104	231040	1	8
4.23104	82	0	39	FullDelay	0.23104	231040	1	8
4.23395	0	0	36	LastDelay	0.533952	533952	1	18
4.23395	0	0	36	FullDelay	0.533952	533952	1	18
4.23962	91	0	39	LastDelay	0.239616	239616	1	8
4.23962	91	0	39	FullDelay	0.239616	239616	1	8
4.2491	58	0	40	LastDelay	0.149104	149104	1	5
4.2491	58	0	40	FullDelay	0.149104	149104	1	5
4.26208	11	0	37	LastDelay	0.46208	462080	1	16
4.26208	11	0	37	FullDelay	0.46208	462080	1	16
4.26765	97	0	41	LastDelay	0.067648	67648	1	2
4.26765	97	0	41	FullDelay	0.067648	67648	1	2
4.27622	88	0	41	LastDelay	0.076224	76224	1	2
4.27622	88	0	41	FullDelay	0.076224	76224	1	2
4.28914	5	0	38	LastDelay	0.389136	389136	1	13
4.28914	5	0	38	FullDelay	0.389136	389136	1	13
4.31768	52	0	39	LastDelay	0.31768	317680	1	11
4.31768	52	0	39	FullDelay	0.31768	317680	1	11
4.32626	16	0	39	LastDelay	0.326256	326256	1	11
4.32626	16	0	39	FullDelay	0.326256	326256	1	11
4.33104	82	0	40	LastDelay	0.23104	231040	1	8
4.33104	82	0	40	FullDelay	0.23104	231040	1	8
4.33395	0	0	37	LastDelay	0.533952	533952	1	18
4.33395	0	0	37	FullDelay	0.533952	533952	1	18
4.33962	91	0	40	LastDelay	0.239616	239616	1	8
4.33962	91	0	40	FullDelay	0.239616	239616	1	8
4.3491	58	0	41	LastDelay	0.149104	149104	1	5
4.3491	58	0	41	FullDelay	0.149104	149104	1	5
4.36208	11	0	38	LastDelay	0.46208	462080	1	16
4.36208	11	0	38	FullDelay	0.46208	462080	1	16
4.36765	97	0	42	LastDelay	0.067648	67648	1	2
4.36765	97	0	42	FullDelay	0.067648	67648	1	2
4.37622	88	0	42	LastDelay	0.076224	76224	1	2
4.37622	88	0	42	FullDelay	0.076224	76224	1	2
4.38914	5	0	39	LastDelay	0.389136	389136	1	13
4.38914	5	0	39	FullDelay	0.389136	389136	1	13
4.41768	52	0	40	LastDelay	0.31768	317680	1	11
4.41768	52	0	40	FullDelay	0.31768	317680	1	11
4.42626	16	0	40	LastDelay	0.326256	326256	1	11
4.42626	16	0	40	FullDelay	0.326256	326256	1	11
4.43104	82	0	41	LastDelay	0.23104	231040	1	8
4.43104	82	0	41	FullDelay	0.23104	231040	1	8
4.43395	0	0	38	LastDelay	0.533952	533952	1	18
4.43395	0	0	38	FullDelay	0.533952	533952	1	18
4.43962	91	0	41	LastDelay	0.239616	239616	1	8
4.43962	91	0	41	FullDelay	0.239616	239616	1	8
4.4491	58	0	42	LastDelay	0.149104	149104	1	5
4.4491	58	0	42	FullDelay	0.149104	149104	1	5
4.46208	11	0	39	LastDelay	0.46208	462080	1	16
4.46208	11	0	39	FullDelay	0.46208	462080	1	16
4.46765	97	0	43	LastDelay	0.067648	67648	1	2
4.46765	97	0	43	FullDelay	0.067648	67648	1	2
4.47622	88	0	43	LastDelay	0.076224	76224	1	2
4.47622	88	0	43	FullDelay	0.076224	76224	1	2
4.48914	5	0	40	LastDelay	0.389136	389136	1	13
4.48914	5	0	40	FullDelay	0.389136	389136	1	13
4.51768	52	0	41	LastDelay	0.31768	317680	1	11
4.51768	52	0	41	FullDelay	0.31768	317680	1	11
4.52626	16	0	41	LastDelay	0.326256	326256	1	11
4.52626	16	0	41	FullDelay	0.326256	326256	1	11
4.53104	82	0	42	LastDelay	0.23104	231040	1	8
4.53104	82	0	42	FullDelay	0.23104	231040	1	8
4.53395	0	0	39	LastDelay	0.533952	533952	1	18
4.53395	0	0	39	FullDelay	0.533952	533952	1	18
4.53962	91	0	42	LastDelay	0.239616	239616	1	8
4.53962	91	0	42	FullDelay	0.239616	239616	1	8
4.5491	58	0	43	LastDelay	0.149104	149104	1	5
4.5491	58	0	43	FullDelay	0.149104	149104	1	5
4.56208	11	0	40	LastDelay	0.46208	462080	1	16
4.56208	11	0	40	FullDelay	0.46208	462080	1	16
4.56765	97	0	44	LastDelay	0.067648	67648	1	2
4.56765	97	0	44	FullDelay	0.067648	67648	1	2
4.57622	88	0	44	LastDelay	0.076224	76224	1	2
4.57622	88	0	44	FullDelay	0.076224	76224	1	2
4.58914	5	0	41	LastDelay	0.389136	389136	1	13
4.58914	5	0	41	FullDelay	0.389136	389136	1	13
4.61768	52	0	42	LastDelay	0.31768	317680	1	11
4.61768	52	0	42	FullDelay	0.31768	317680	1	11
4.62626	16	0	42	LastDelay	0.326256	326256	1	11
4.62626	16	0	42	FullDelay	0.326256	326256	1	11
4.63104	82	0	43	LastDelay	0.23104	231040	1	8
4.63104	82	0	43	FullDelay	0.23104	231040	1	8
4.63395	0	0	40	LastDelay	0.533952	533952	1	18
4.63395	0	0	40	FullDelay	0.533952	533952	1	18
4.63962	91	0	43	LastDelay	0.239616	239616	1	8
4.63962	91	0	43	FullDelay	0.239616	239616	1	8
4.6491	58	0	44	LastDelay	0.149104	149104	1	5
4.6491	58	0	44	FullDelay	0.149104	149104	1	5
4.66208	11	0	41	LastDelay	0.46208	462080	1	16
4.66208	11	0	41	FullDelay	0.46208	462080	1	16
4.66765	97	0	45	LastDelay	0.067648	67648	1	2
4.66765	97	0	45	FullDelay	0.067648	67648	1	2
4.67622	88	0	45	LastDelay	0.076224	76224	1	2
4.67622	88	0	45	FullDelay	0.076224	76224	1	2
4.68914	5	0	42	LastDelay	0.389136	389136	1	13
4.68914	5	0	42	FullDelay	0.389136	389136	1	13
4.71768	52	0	43	LastDelay	0.31768	317680	1	11
4.71768	52	0	43	FullDelay	0.31768	317680	1	11
4.72626	16	0	43	LastDelay	0.326256	326256	1	11
4.72626	16	0	43	FullDelay	0.326256	326256	1	11
4.73104	82	0	44	LastDelay	0.23104	231040	1	8
4.73104	82	0	44	FullDelay	0.23104	231040	1	8
4.73395	0	0	41	LastDelay	0.533952	533952	1	18
4.73395	0	0	41	FullDelay	0.533952	533952	1	18
4.73962	91	0	44	LastDelay	0.239616	239616	1	8
4.73962	91	0	44	FullDelay	0.239616	239616	1	8
4.7491	58	0	45	LastDelay	0.149104	149104	1	5
4.7491	58	0	45	FullDelay	0.149104	149104	1	5
4.76208	11	0	42	LastDelay	0.46208	462080	1	16
4.76208	11	0	42	FullDelay	0.46208	462080	1	16
4.76765	97	0	46	LastDelay	0.067648	67648	1	2
4.76765	97	0	46	FullDelay	0.067648	67648	1	2
4.77622	88	0	46	LastDelay	0.076224	76224	1	2
4.77622	88	0	46	FullDelay	0.076224	76224	1	2
4.78914	5	0	43	LastDelay	0.389136	389136	1	13
4.78914	5	0	43	FullDelay	0.389136	389136	1	13
4.81768	52	0	44	LastDelay	0.31768	317680	1	11
4.81768	52	0	44	FullDelay	0.31768	317680	1	11
4.82626	16	0	44	LastDelay	0.326256	326256	1	11
4.82626	16	0	44	FullDelay	0.326256	326256	1	11
4.83104	82	0	45	LastDelay	0.23104	231040	1	8
4.83104	82	0	45	FullDelay	0.23104	231040	1	8
4.83395	0	0	42	LastDelay	0.533952	533952	1	18
4.83395	0	0	42	FullDelay	0.533952	533952	1	18
4.83962	91	0	45	LastDelay	0.239616	239616	1	8
4.83962	91	0	45	FullDelay	0.239616	239616	1	8
4.8491	58	0	46	LastDelay	0.149104	149104	1	5
4.8491	58	0	46	FullDelay	0.149104	149104	1	5
4.86208	11	0	43	LastDelay	0.46208	462080	1	16
4.86208	11	0	43	FullDelay	0.46208	462080	1	16
4.86765	97	0	47	LastDelay	0.067648	67648	1	2
4.86765	97	0	47	FullDelay	0.067648	67648	1	2
4.87622	88	0	47	LastDelay	0.076224	76224	1	2
4.87622	88	0	47	FullDelay	0.076224	76224	1	2
4.88914	5	0	44	LastDelay	0.389136	389136	1	13
4.88914	5	0	44	FullDelay	0.389136	389136	1	13
4.91768	52	0	45	LastDelay	0.31768	317680	1	11
4.91768	52	0	45	FullDelay	0.31768	317680	1	11
4.92626	16	0	45	LastDelay	0.326256	326256	1	11
4.92626	16	0	45	FullDelay	0.326256	326256	1	11
4.93104	82	0	46	LastDelay	0.23104	231040	1	8
4.93104	82	0	46	FullDelay	0.23104	231040	1	8
4.93395	0	0	43	LastDelay	0.533952	533952	1	18
4.93395	0	0	43	FullDelay	0.533952	533952	1	18
4.93962	91	0	46	LastDelay	0.239616	239616	1	8
4.93962	91	0	46	FullDelay	0.239616	239616	1	8
4.9491	58	0	47	LastDelay	0.149104	149104	1	5
4.9491	58	0	47	FullDelay	0.149104	149104	1	5
4.96208	11	0	44	LastDelay	0.46208	462080	1	16
4.96208	11	0	44	FullDelay	0.46208	462080	1	16
4.96765	97	0	48	LastDelay	0.067648	67648	1	2
4.96765	97	0	48	FullDelay	0.067648	67648	1	2
4.97622	88	0	48	LastDelay	0.076224	76224	1	2
4.97622	88	0	48	FullDelay	0.076224	76224	1	2
4.98914	5	0	45	LastDelay	0.389136	389136	1	13
4.98914	5	0	45	FullDelay	0.389136	389136	1	13
5.01768	52	0	46	LastDelay	0.31768	317680	1	11
5.01768	52	0	46	FullDelay	0.31768	317680	1	11
5.02626	16	0	46	LastDelay	0.326256	326256	1	11
5.02626	16	0	46	FullDelay	0.326256	326256	1	11
5.03104	82	0	47	LastDelay	0.23104	231040	1	8
5.03104	82	0	47	FullDelay	0.23104	231040	1	8
5.03395	0	0	44	LastDelay	0.533952	533952	1	18
5.03395	0	0	44	FullDelay	0.533952	533952	1	18
5.03962	91	0	47	LastDelay	0.239616	239616	1	8
5.03962	91	0	47	FullDelay	0.239616	239616	1	8
5.0491	58	0	48	LastDelay	0.149104	149104	1	5
5.0491	58	0	48	FullDelay	0.149104	149104	1	5
5.06208	11	0	45	LastDelay	0.46208	462080	1	16
5.06208	11	0	45	FullDelay	0.46208	462080	1	16
5.06765	97	0	49	LastDelay	0.067648	67648	1	2
5.06765	97	0	49	FullDelay	0.067648	67648	1	2
5.07622	88	0	49	LastDelay	0.076224	76224	1	2
5.07622	88	0	49	FullDelay	0.076224	76224	1	2
5.08914	5	0	46	LastDelay	0.389136	389136	1	13
5.08914	5	0	46	FullDelay	0.389136	389136	1	13
5.11768	52	0	47	LastDelay	0.31768	317680	1	11
5.11768	52	0	47	FullDelay	0.31768	317680	1	11
5.12626	16	0	47	LastDelay	0.326256	326256	1	11
5.12626	16	0	47	FullDelay	0.326256	326256	1	11
5.13104	82	0	48	LastDelay	0.23104	231040	1	8
5.13104	82	0	48	FullDelay	0.23104	231040	1	8
5.13395	0	0	45	LastDelay	0.533952	533952	1	18
5.13395	0	0	45	FullDelay	0.533952	533952	1	18
5.13962	91	0	48	LastDelay	0.239616	239616	1	8
5.13962	91	0	48	FullDelay	0.239616	239616	1	8
5.1491	58	0	49	LastDelay	0.149104	149104	1	5
5.1491	58	0	49	FullDelay	0.149104	149104	1	5
5.16208	11	0	46	LastDelay	0.46208	462080	1	16
5.16208	11	0	46	FullDelay	0.46208	462080	1	16
5.16765	97	0	50	LastDelay	0.067648	67648	1	2
5.16765	97	0	50	FullDelay	0.067648	67648	1	2
5.17622	88	0	50	LastDelay	0.076224	76224	1	2
5.17622	88	0	50	FullDelay	0.076224	76224	1	2
5.18914	5	0	47	LastDelay	0.389136	389136	1	13
5.18914	5	0	47	FullDelay	0.389136	389136	1	13
5.21768	52	0	48	LastDelay	0.31768	317680	1	11
5.21768	52	0	48	FullDelay	0.31768	317680	1	11
5.22626	16	0	48	LastDelay	0.326256	326256	1	11
5.22626	16	0	48	FullDelay	0.326256	326256	1	11
5.23104	82	0	49	LastDelay	0.23104	231040	1	8
5.23104	82	0	49	FullDelay	0.23104	231040	1	8
5.23395	0	0	46	LastDelay	0.533952	533952	1	18
5.23395	0	0	46	FullDelay	0.533952	533952	1	18
5.23962	91	0	49	LastDelay	0.239616	239616	1	8
5.23962	91	0	49	FullDelay	0.239616	239616	1	8
5.2491	58	0	50	LastDelay	0.149104	149104	1	5
5.2491	58	0	50	FullDelay	0.149104	149104	1	5
5.26208	11	0	47	LastDelay	0.46208	462080	1	16
5.26208	11	0	47	FullDelay	0.46208	462080	1	16
5.26765	97	0	51	LastDelay	0.067648	67648	1	2
5.26765	97	0	51	FullDelay	0.067648	67648	1	2
5.27622	88	0	51	LastDelay	0.076224	76224	1	2
5.27622	88	0	51	FullDelay	0.076224	76224	1	2
5.28914	5	0	48	LastDelay	0.389136	389136	1	13
5.28914	5	0	48	FullDelay	0.389136	389136	1	13
5.31768	52	0	49	LastDelay	0.31768	317680	1	11
5.31768	52	0	49	FullDelay	0.31768	317680	1	11
5.32626	16	0	49	LastDelay	0.326256	326256	1	11
5.32626	16	0	49	FullDelay	0.326256	326256	1	11
5.33104	82	0	50	LastDelay	0.23104	231040	1	8
5.33104	82	0	50	FullDelay	0.23104	231040	1	8
5.33395	0	0	47	LastDelay	0.533952	533952	1	18
5.33395	0	0	47	FullDelay	0.533952	533952	1	18
5.33962	91	0	50	LastDelay	0.239616	239616	1	8
5.33962	91	0	50	FullDelay	0.239616	239616	1	8
5.3491	58	0	51	LastDelay	0.149104	149104	1	5
5.3491	58	0	51	FullDelay	0.149104	149104	1	5
5.36208	11	0	48	LastDelay	0.46208	462080	1	16
5.36208	11	0	48	FullDelay	0.46208	462080	1	16
5.36765	97	0	52	LastDelay	0.067648	67648	1	2
5.36765	97	0	52	FullDelay	0.067648	67648	1	2
5.37622	88	0	52	LastDelay	0.076224	76224	1	2
5.37622	88	0	52	FullDelay	0.076224	76224	1	2
5.38914	5	0	49	LastDelay	0.389136	389136	1	13
5.38914	5	0	49	FullDelay	0.389136	389136	1	13
5.41768	52	0	50	LastDelay	0.31768	317680	1	11
5.41768	52	0	50	FullDelay	0.31768	317680	1	11
5.42626	16	0	50	LastDelay	0.326256	326256	1	11
5.42626	16	0	50	FullDelay	0.326256	326256	1	11
5.43104	82	0	51	LastDelay	0.23104	231040	1	8
5.43104	82	0	51	FullDelay	0.23104	231040	1	8
5.43395	0	0	48	LastDelay	0.533952	533952	1	18
5.43395	0	0	48	FullDelay	0.533952	533952	1	18
5.43962	91	0	51	LastDelay	0.239616	239616	1	8
5.43962	91	0	51	FullDelay	0.239616	239616	1	8
5.4491	58	0	52	LastDelay	0.149104	149104	1	5
5.4491	58	0	52	FullDelay	0.149104	149104	1	5
5.46208	11	0	49	LastDelay	0.46208	462080	1	16
5.46208	11	0	49	FullDelay	0.46208	462080	1	16
5.46765	97	0	53	LastDelay	0.067648	67648	1	2
5.46765	97	0	53	FullDelay	0.067648	67648	1	2
5.47622	88	0	53	LastDelay	0.076224	76224	1	2
5.47622	88	0	53	FullDelay	0.076224	76224	1	2
5.48914	5	0	50	LastDelay	0.389136	389136	1	13
5.48914	5	0	50	FullDelay	0.389136	389136	1	13
5.51768	52	0	51	LastDelay	0.31768	317680	1	11
5.51768	52	0	51	FullDelay	0.31768	317680	1	11
5.52626	16	0	51	LastDelay	0.326256	326256	1	11
5.52626	16	0	51	FullDelay	0.326256	326256	1	11
5.53104	82	0	52	LastDelay	0.23104	231040	1	8
5.53104	82	0	52	FullDelay	0.23104	231040	1	8
5.53395	0	0	49	LastDelay	0.533952	533952	1	18
5.53395	0	0	49	FullDelay	0.533952	533952	1	18
5.53962	91	0	52	LastDelay	0.239616	239616	1	8
5.53962	91	0	52	FullDelay	0.239616	239616	1	8
5.5491	58	0	53	LastDelay	0.149104	149104	1	5
5.5491	58	0	53	FullDelay	0.149104	149104	1	5
5.56208	11	0	50	LastDelay	0.46208	462080	1	16
5.56208	11	0	50	FullDelay	0.46208	462080	1	16
5.56765	97	0	54	LastDelay	0.067648	67648	1	2
5.56765	97	0	54	FullDelay	0.067648	67648	1	2
5.57622	88	0	54	LastDelay	0.076224	76224	1	2
5.57622	88	0	54	FullDelay	0.076224	76224	1	2
5.58914	5	0	51	LastDelay	0.389136	389136	1	13
5.58914	5	0	51	FullDelay	0.389136	389136	1	13
5.61768	52	0	52	LastDelay	0.31768	317680	1	11
5.61768	52	0	52	FullDelay	0.31768	317680	1	11
5.62626	16	0	52	LastDelay	0.326256	326256	1	11
5.62626	16	0	52	FullDelay	0.326256	326256	1	11
5.63104	82	0	53	LastDelay	0.23104	231040	1	8
5.63104	82	0	53	FullDelay	0.23104	231040	1	8
5.63395	0	0	50	LastDelay	0.533952	533952	1	18
5.63395	0	0	50	FullDelay	0.533952	533952	1	18
5.63962	91	0	53	LastDelay	0.239616	239616	1	8
5.63962	91	0	53	FullDelay	0.239616	239616	1	8
5.6491	58	0	54	LastDelay	0.149104	149104	1	5
5.6491	58	0	54	FullDelay	0.149104	149104	1	5
5.66208	11	0	51	LastDelay	0.46208	462080	1	16
5.66208	11	0	51	FullDelay	0.46208	462080	1	16
5.66765	97	0	55	LastDelay	0.067648	67648	1	2
5.66765	97	0	55	FullDelay	0.067648	67648	1	2
5.67622	88	0	55	LastDelay	0.076224	76224	1	2
5.67622	88	0	55	FullDelay	0.076224	76224	1	2
5.68914	5	0	52	LastDelay	0.389136	389136	1	13
5.68914	5	0	52	FullDelay	0.389136	389136	1	13
5.71768	52	0	53	LastDelay	0.31768	317680	1	11
5.71768	52	0	53	FullDelay	0.31768	317680	1	11
5.72626	16	0	53	LastDelay	0.326256	326256	1	11
5.72626	16	0	53	FullDelay	0.326256	326256	1	11
5.73104	82	0	54	LastDelay	0.23104	231040	1	8
5.73104	82	0	54	FullDelay	0.23104	231040	1	8
5.73395	0	0	51	LastDelay	0.533952	533952	1	18
5.73395	0	0	51	FullDelay	0.533952	533952	1	18
5.73962	91	0	54	LastDelay	0.239616	239616	1	8
5.73962	91	0	54	FullDelay	0.239616	239616	1	8
5.7491	58	0	55	LastDelay	0.149104	149104	1	5
5.7491	58	0	55	FullDelay	0.149104	149104	1	5
5.76208	11	0	52	LastDelay	0.46208	462080	1	16
5.76208	11	0	52	FullDelay	0.46208	462080	1	16
5.76765	97	0	56	LastDelay	0.067648	67648	1	2
5.76765	97	0	56	FullDelay	0.067648	67648	1	2
5.77622	88	0	56	LastDelay	0.076224	76224	1	2
5.77622	88	0	56	FullDelay	0.076224	76224	1	2
5.78914	5	0	53	LastDelay	0.389136	389136	1	13
5.78914	5	0	53	FullDelay	0.389136	389136	1	13
5.81768	52	0	54	LastDelay	0.31768	317680	1	11
5.81768	52	0	54	FullDelay	0.31768	317680	1	11
5.82626	16	0	54	LastDelay	0.326256	326256	1	11
5.82626	16	0	54	FullDelay	0.326256	326256	1	11
5.83104	82	0	55	LastDelay	0.23104	231040	1	8
5.83104	82	0	55	FullDelay	0.23104	231040	1	8
5.83395	0	0	52	LastDelay	0.533952	533952	1	18
5.83395	0	0	52	FullDelay	0.533952	533952	1	18
5.83962	91	0	55	LastDelay	0.239616	239616	1	8
5.83962	91	0	55	FullDelay	0.239616	239616	1	8
5.8491	58	0	56	LastDelay	0.149104	149104	1	5
5.8491	58	0	56	FullDelay	0.149104	149104	1	5
5.86208	11	0	53	LastDelay	0.46208	462080	1	16
5.86208	11	0	53	FullDelay	0.46208	462080	1	16
5.86765	97	0	57	LastDelay	0.067648	67648	1	2
5.86765	97	0	57	FullDelay	0.067648	67648	1	2
5.87622	88	0	57	LastDelay	0.076224	76224	1	2
5.87622	88	0	57	FullDelay	0.076224	76224	1	2
5.88914	5	0	54	LastDelay	0.389136	389136	1	13
5.88914	5	0	54	FullDelay	0.389136	389136	1	13
5.91768	52	0	55	LastDelay	0.31768	317680	1	11
5.91768	52	0	55	FullDelay	0.31768	317680	1	11
5.92626	16	0	55	LastDelay	0.326256	326256	1	11
5.92626	16	0	55	FullDelay	0.326256	326256	1	11
5.93104	82	0	56	LastDelay	0.23104	231040	1	8
5.93104	82	0	56	FullDelay	0.23104	231040	1	8
5.93395	0	0	53	LastDelay	0.533952	533952	1	18
5.93395	0	0	53	FullDelay	0.533952	533952	1	18
5.93962	91	0	56	LastDelay	0.239616	239616	1	8
5.93962	91	0	56	FullDelay	0.239616	239616	1	8
5.9491	58	0	57	LastDelay	0.149104	149104	1	5
5.9491	58	0	57	FullDelay	0.149104	149104	1	5
5.96208	11	0	54	LastDelay	0.46208	462080	1	16
5.96208	11	0	54	FullDelay	0.46208	462080	1	16
5.96765	97	0	58	LastDelay	0.067648	67648	1	2
5.96765	97	0	58	FullDelay	0.067648	67648	1	2
5.97622	88	0	58	LastDelay	0.076224	76224	1	2
5.97622	88	0	58	FullDelay	0.076224	76224	1	2
5.98914	5	0	55	LastDelay	0.389136	389136	1	13
5.98914	5	0	55	FullDelay	0.389136	389136	1	13
6.01768	52	0	56	LastDelay	0.31768	317680	1	11
6.01768	52	0	56	FullDelay	0.31768	317680	1	11
6.02626	16	0	56	LastDelay	0.326256	326256	1	11
6.02626	16	0	56	FullDelay	0.326256	326256	1	11
6.03104	82	0	57	LastDelay	0.23104	231040	1	8
6.03104	82	0	57	FullDelay	0.23104	231040	1	8
6.03395	0	0	54	LastDelay	0.533952	533952	1	18
6.03395	0	0	54	FullDelay	0.533952	533952	1	18
6.03962	91	0	57	LastDelay	0.239616	239616	1	8
6.03962	91	0	57	FullDelay	0.239616	239616	1	8
6.0491	58	0	58	LastDelay	0.149104	149104	1	5
6.0491	58	0	58	FullDelay	0.149104	149104	1	5
6.06208	11	0	55	LastDelay	0.46208	462080	1	16
6.06208	11	0	55	FullDelay	0.46208	462080	1	16
6.06765	97	0	59	LastDelay	0.067648	67648	1	2
6.06765	97	0	59	FullDelay	0.067648	67648	1	2
6.07622	88	0	59	LastDelay	0.076224	76224	1	2
6.07622	88	0	59	FullDelay	0.076224	76224	1	2
6.08914	5	0	56	LastDelay	0.389136	389136	1	13
6.08914	5	0	56	FullDelay	0.389136	389136	1	13
6.11768	52	0	57	LastDelay	0.31768	317680	1	11
6.11768	52	0	57	FullDelay	0.31768	317680	1	11
6.12626	16	0	57	LastDelay	0.326256	326256	1	11
6.12626	16	0	57	FullDelay	0.326256	326256	1	11
6.13104	82	0	58	LastDelay	0.23104	231040	1	8
6.13104	82	0	58	FullDelay	0.23104	231040	1	8
6.13395	0	0	55	LastDelay	0.533952	533952	1	18
6.13395	0	0	55	FullDelay	0.533952	533952	1	18
6.13962	91	0	58	LastDelay	0.239616	239616	1	8
6.13962	91	0	58	FullDelay	0.239616	239616	1	8
6.1491	58	0	59	LastDelay	0.149104	149104	1	5
6.1491	58	0	59	FullDelay	0.149104	149104	1	5
6.16208	11	0	56	LastDelay	0.46208	462080	1	16
6.16208	11	0	56	FullDelay	0.46208	462080	1	16
6.16765	97	0	60	LastDelay	0.067648	67648	1	2
6.16765	97	0	60	FullDelay	0.067648	67648	1	2
6.17622	88	0	60	LastDelay	0.076224	76224	1	2
6.17622	88	0	60	FullDelay	0.076224	76224	1	2
6.18914	5	0	57	LastDelay	0.389136	389136	1	13
6.18914	5	0	57	FullDelay	0.389136	389136	1	13
6.21768	52	0	58	LastDelay	0.31768	317680	1	11
6.21768	52	0	58	FullDelay	0.31768	317680	1	11
6.22626	16	0	58	LastDelay	0.326256	326256	1	11
6.22626	16	0	58	FullDelay	0.326256	326256	1	11
6.23104	82	0	59	LastDelay	0.23104	231040	1	8
6.23104	82	0	59	FullDelay	0.23104	231040	1	8
6.23395	0	0	56	LastDelay	0.533952	533952	1	18
6.23395	0	0	56	FullDelay	0.533952	533952	1	18
6.23962	91	0	59	LastDelay	0.239616	239616	1	8
6.23962	91	0	59	FullDelay	0.239616	239616	1	8
6.2491	58	0	60	LastDelay	0.149104	149104	1	5
6.2491	58	0	60	FullDelay	0.149104	149104	1	5
6.26208	11	0	57	LastDelay	0.46208	462080	1	16
6.26208	11	0	57	FullDelay	0.46208	462080	1	16
6.26765	97	0	61	LastDelay	0.067648	67648	1	2
6.26765	97	0	61	FullDelay	0.067648	67648	1	2
6.27622	88	0	61	LastDelay	0.076224	76224	1	2
6.27622	88	0	61	FullDelay	0.076224	76224	1	2
6.28914	5	0	58	LastDelay	0.389136	389136	1	13
6.28914	5	0	58	FullDelay	0.389136	389136	1	13
6.31768	52	0	59	LastDelay	0.31768	317680	1	11
6.31768	52	0	59	FullDelay	0.31768	317680	1	11
6.32626	16	0	59	LastDelay	0.326256	326256	1	11
6.32626	16	0	59	FullDelay	0.326256	326256	1	11
6.33104	82	0	60	LastDelay	0.23104	231040	1	8
6.33104	82	0	60	FullDelay	0.23104	231040	1	8
6.33395	0	0	57	LastDelay	0.533952	533952	1	18
6.33395	0	0	57	FullDelay	0.533952	533952	1	18
6.33962	91	0	60	LastDelay	0.239616	239616	1	8
6.33962	91	0	60	FullDelay	0.239616	239616	1	8
6.3491	58	0	61	LastDelay	0.149104	149104	1	5
6.3491	58	0	61	FullDelay	0.149104	149104	1	5
6.36208	11	0	58	LastDelay	0.46208	462080	1	16
6.36208	11	0	58	FullDelay	0.46208	462080	1	16
6.36765	97	0	62	LastDelay	0.067648	67648	1	2
6.36765	97	0	62	FullDelay	0.067648	67648	1	2
6.37622	88	0	62	LastDelay	0.076224	76224	1	2
6.37622	88	0	62	FullDelay	0.076224	76224	1	2
6.38914	5	0	59	LastDelay	0.389136	389136	1	13
6.38914	5	0	59	FullDelay	0.389136	389136	1	13
6.41768	52	0	60	LastDelay	0.31768	317680	1	11
6.41768	52	0	60	FullDelay	0.31768	317680	1	11
6.42626	16	0	60	LastDelay	0.326256	326256	1	11
6.42626	16	0	60	FullDelay	0.326256	326256	1	11
6.43104	82	0	61	LastDelay	0.23104	231040	1	8
6.43104	82	0	61	FullDelay	0.23104	231040	1	8
6.43395	0	0	58	LastDelay	0.533952	533952	1	18
6.43395	0	0	58	FullDelay	0.533952	533952	1	18
6.43962	91	0	61	LastDelay	0.239616	239616	1	8
6.43962	91	0	61	FullDelay	0.239616	239616	1	8
6.4491	58	0	62	LastDelay	0.149104	149104	1	5
6.4491	58	0	62	FullDelay	0.149104	149104	1	5
6.46208	11	0	59	LastDelay	0.46208	462080	1	16
6.46208	11	0	59	FullDelay	0.46208	462080	1	16
6.46765	97	0	63	LastDelay	0.067648	67648	1	2
6.46765	97	0	63	FullDelay	0.067648	67648	1	2
6.47622	88	0	63	LastDelay	0.076224	76224	1	2
6.47622	88	0	63	FullDelay	0.076224	76224	1	2
6.48914	5	0	60	LastDelay	0.389136	389136	1	13
6.48914	5	0	60	FullDelay	0.389136	389136	1	13
6.51768	52	0	61	LastDelay	0.31768	317680	1	11
6.51768	52	0	61	FullDelay	0.31768	317680	1	11
6.52626	16	0	61	LastDelay	0.326256	326256	1	11
6.52626	16	0	61	FullDelay	0.326256	326256	1	11
6.53104	82	0	62	LastDelay	0.23104	231040	1	8
6.53104	82	0	62	FullDelay	0.23104	231040	1	8
6.53395	0	0	59	LastDelay	0.533952	533952	1	18
6.53395	0	0	59	FullDelay	0.533952	533952	1	18
6.53962	91	0	62	LastDelay	0.239616	239616	1	8
6.53962	91	0	62	FullDelay	0.239616	239616	1	8
6.5491	58	0	63	LastDelay	0.149104	149104	1	5
6.5491	58	0	63	FullDelay	0.149104	149104	1	5
6.56208	11	0	60	LastDelay	0.46208	462080	1	16
6.56208	11	0	60	FullDelay	0.46208	462080	1	16
6.56765	97	0	64	LastDelay	0.067648	67648	1	2
6.56765	97	0	64	FullDelay	0.067648	67648	1	2
6.57622	88	0	64	LastDelay	0.076224	76224	1	2
6.57622	88	0	64	FullDelay	0.076224	76224	1	2
6.58914	5	0	61	LastDelay	0.389136	389136	1	13
6.58914	5	0	61	FullDelay	0.389136	389136	1	13
6.61768	52	0	62	LastDelay	0.31768	317680	1	11
6.61768	52	0	62	FullDelay	0.31768	317680	1	11
6.62626	16	0	62	LastDelay	0.326256	326256	1	11
6.62626	16	0	62	FullDelay	0.326256	326256	1	11
6.63104	82	0	63	LastDelay	0.23104	231040	1	8
6.63104	82	0	63	FullDelay	0.23104	231040	1	8
6.63395	0	0	60	LastDelay	0.533952	533952	1	18
6.63395	0	0	60	FullDelay	0.533952	533952	1	18
6.63962	91	0	63	LastDelay	0.239616	239616	1	8
6.63962	91	0	63	FullDelay	0.239616	239616	1	8
6.6491	58	0	64	LastDelay	0.149104	149104	1	5
6.6491	58	0	64	FullDelay	0.149104	149104	1	5
6.66208	11	0	61	LastDelay	0.46208	462080	1	16
6.66208	11	0	61	FullDelay	0.46208	462080	1	16
6.66765	97	0	65	LastDelay	0.067648	67648	1	2
6.66765	97	0	65	FullDelay	0.067648	67648	1	2
6.67622	88	0	65	LastDelay	0.076224	76224	1	2
6.67622	88	0	65	FullDelay	0.076224	76224	1	2
6.68914	5	0	62	LastDelay	0.389136	389136	1	13
6.68914	5	0	62	FullDelay	0.389136	389136	1	13
6.71768	52	0	63	LastDelay	0.31768	317680	1	11
6.71768	52	0	63	FullDelay	0.31768	317680	1	11
6.72626	16	0	63	LastDelay	0.326256	326256	1	11
6.72626	16	0	63	FullDelay	0.326256	326256	1	11
6.73104	82	0	64	LastDelay	0.23104	231040	1	8
6.73104	82	0	64	FullDelay	0.23104	231040	1	8
6.73395	0	0	61	LastDelay	0.533952	533952	1	18
6.73395	0	0	61	FullDelay	0.533952	533952	1	18
6.73962	91	0	64	LastDelay	0.239616	239616	1	8
6.73962	91	0	64	FullDelay	0.239616	239616	1	8
6.7491	58	0	65	LastDelay	0.149104	149104	1	5
6.7491	58	0	65	FullDelay	0.149104	149104	1	5
6.76208	11	0	62	LastDelay	0.46208	462080	1	16
6.76208	11	0	62	FullDelay	0.46208	462080	1	16
6.76765	97	0	66	LastDelay	0.067648	67648	1	2
6.76765	97	0	66	FullDelay	0.067648	67648	1	2
6.77622	88	0	66	LastDelay	0.076224	76224	1	2
6.77622	88	0	66	FullDelay	0.076224	76224	1	2
6.78914	5	0	63	LastDelay	0.389136	389136	1	13
6.78914	5	0	63	FullDelay	0.389136	389136	1	13
6.81768	52	0	64	LastDelay	0.31768	317680	1	11
6.81768	52	0	64	FullDelay	0.31768	317680	1	11
6.82626	16	0	64	LastDelay	0.326256	326256	1	11
6.82626	16	0	64	FullDelay	0.326256	326256	1	11
6.83104	82	0	65	LastDelay	0.23104	231040	1	8
6.83104	82	0	65	FullDelay	0.23104	231040	1	8
6.83395	0	0	62	LastDelay	0.533952	533952	1	18
6.83395	0	0	62	FullDelay	0.533952	533952	1	18
6.83962	91	0	65	LastDelay	0.239616	239616	1	8
6.83962	91	0	65	FullDelay	0.239616	239616	1	8
6.8491	58	0	66	LastDelay	0.149104	149104	1	5
6.8491	58	0	66	FullDelay	0.149104	149104	1	5
6.86208	11	0	63	LastDelay	0.46208	462080	1	16
6.86208	11	0	63	FullDelay	0.46208	462080	1	16
6.86765	97	0	67	LastDelay	0.067648	67648	1	2
6.86765	97	0	67	FullDelay	0.067648	67648	1	2
6.87622	88	0	67	LastDelay	0.076224	76224	1	2
6.87622	88	0	67	FullDelay	0.076224	76224	1	2
6.88914	5	0	64	LastDelay	0.389136	389136	1	13
6.88914	5	0	64	FullDelay	0.389136	389136	1	13
6.91768	52	0	65	LastDelay	0.31768	317680	1	11
6.91768	52	0	65	FullDelay	0.31768	317680	1	11
6.92626	16	0	65	LastDelay	0.326256	326256	1	11
6.92626	16	0	65	FullDelay	0.326256	326256	1	11
6.93104	82	0	66	LastDelay	0.23104	231040	1	8
6.93104	82	0	66	FullDelay	0.23104	231040	1	8
6.93395	0	0	63	LastDelay	0.533952	533952	1	18
6.93395	0	0	63	FullDelay	0.533952	533952	1	18
6.93962	91	0	66	LastDelay	0.239616	239616	1	8
6.93962	91	0	66	FullDelay	0.239616	239616	1	8
6.9491	58	0	67	LastDelay	0.149104	149104	1	5
6.9491	58	0	67	FullDelay	0.149104	149104	1	5
6.96208	11	0	64	LastDelay	0.46208	462080	1	16
6.96208	11	0	64	FullDelay	0.46208	462080	1	16
6.96765	97	0	68	LastDelay	0.067648	67648	1	2
6.96765	97	0	68	FullDelay	0.067648	67648	1	2
6.97622	88	0	68	LastDelay	0.076224	76224	1	2
6.97622	88	0	68	FullDelay	0.076224	76224	1	2
6.98914	5	0	65	LastDelay	0.389136	389136	1	13
6.98914	5	0	65	FullDelay	0.389136	389136	1	13
7.01768	52	0	66	LastDelay	0.31768	317680	1	11
7.01768	52	0	66	FullDelay	0.31768	317680	1	11
7.02626	16	0	66	LastDelay	0.326256	326256	1	11
7.02626	16	0	66	FullDelay	0.326256	326256	1	11
7.03104	82	0	67	LastDelay	0.23104	231040	1	8
7.03104	82	0	67	FullDelay	0.23104	231040	1	8
7.03395	0	0	64	LastDelay	0.533952	533952	1	18
7.03395	0	0	64	FullDelay	0.533952	533952	1	18
7.03962	91	0	67	LastDelay	0.239616	239616	1	8
7.03962	91	0	67	FullDelay	0.239616	239616	1	8
7.0491	58	0	68	LastDelay	0.149104	149104	1	5
7.0491	58	0	68	FullDelay	0.149104	149104	1	5
7.06208	11	0	65	LastDelay	0.46208	462080	1	16
7.06208	11	0	65	FullDelay	0.46208	462080	1	16
7.06765	97	0	69	LastDelay	0.067648	67648	1	2
7.06765	97	0	69	FullDelay	0.067648	67648	1	2
7.07622	88	0	69	LastDelay	0.076224	76224	1	2
7.07622	88	0	69	FullDelay	0.076224	76224	1	2
7.08914	5	0	66	LastDelay	0.389136	389136	1	13
7.08914	5	0	66	FullDelay	0.389136	389136	1	13
7.11768	52	0	67	LastDelay	0.31768	317680	1	11
7.11768	52	0	67	FullDelay	0.31768	317680	1	11
7.12626	16	0	67	LastDelay	0.326256	326256	1	11
7.12626	16	0	67	FullDelay	0.326256	326256	1	11
7.13104	82	0	68	LastDelay	0.23104	231040	1	8
7.13104	82	0	68	FullDelay	0.23104	231040	1	8
7.13395	0	0	65	LastDelay	0.533952	533952	1	18
7.13395	0	0	65	FullDelay	0.533952	533952	1	18
7.13962	91	0	68	LastDelay	0.239616	239616	1	8
7.13962	91	0	68	FullDelay	0.239616	239616	1	8
7.1491	58	0	69	LastDelay	0.149104	149104	1	5
7.1491	58	0	69	FullDelay	0.149104	149104	1	5
7.16208	11	0	66	LastDelay	0.46208	462080	1	16
7.16208	11	0	66	FullDelay	0.46208	462080	1	16
7.16765	97	0	70	LastDelay	0.067648	67648	1	2
7.16765	97	0	70	FullDelay	0.067648	67648	1	2
7.17622	88	0	70	LastDelay	0.076224	76224	1	2
7.17622	88	0	70	FullDelay	0.076224	76224	1	2
7.18914	5	0	67	LastDelay	0.389136	389136	1	13
7.18914	5	0	67	FullDelay	0.389136	389136	1	13
7.21768	52	0	68	LastDelay	0.31768	317680	1	11
7.21768	52	0	68	FullDelay	0.31768	317680	1	11
7.22626	16	0	68	LastDelay	0.326256	326256	1	11
7.22626	16	0	68	FullDelay	0.326256	326256	1	11
7.23104	82	0	69	LastDelay	0.23104	231040	1	8
7.23104	82	0	69	FullDelay	0.23104	231040	1	8
7.23395	0	0	66	LastDelay	0.533952	533952	1	18
7.23395	0	0	66	FullDelay	0.533952	533952	1	18
7.23962	91	0	69	LastDelay	0.239616	239616	1	8
7.23962	91	0	69	FullDelay	0.239616	239616	1	8
7.2491	58	0	70	LastDelay	0.149104	149104	1	5
7.2491	58	0	70	FullDelay	0.149104	149104	1	5
7.26208	11	0	67	LastDelay	0.46208	462080	1	16
7.26208	11	0	67	FullDelay	0.46208	462080	1	16
7.26765	97	0	71	LastDelay	0.067648	67648	1	2
7.26765	97	0	71	FullDelay	0.067648	67648	1	2
7.27622	88	0	71	LastDelay	0.076224	76224	1	2
7.27622	88	0	71	FullDelay	0.076224	76224	1	2
7.28914	5	0	68	LastDelay	0.389136	389136	1	13
7.28914	5	0	68	FullDelay	0.389136	389136	1	13
7.31768	52	0	69	LastDelay	0.31768	317680	1	11
7.31768	52	0	69	FullDelay	0.31768	317680	1	11
7.32626	16	0	69	LastDelay	0.326256	326256	1	11
7.32626	16	0	69	FullDelay	0.326256	326256	1	11
7.33104	82	0	70	LastDelay	0.23104	231040	1	8
7.33104	82	0	70	FullDelay	0.23104	231040	1	8
7.33395	0	0	67	LastDelay	0.533952	533952	1	18
7.33395	0	0	67	FullDelay	0.533952	533952	1	18
7.33962	91	0	70	LastDelay	0.239616	239616	1	8
7.33962	91	0	70	FullDelay	0.239616	239616	1	8
7.3491	58	0	71	LastDelay	0.149104	149104	1	5
7.3491	58	0	71	FullDelay	0.149104	149104	1	5
7.36208	11	0	68	LastDelay	0.46208	462080	1	16
7.36208	11	0	68	FullDelay	0.46208	462080	1	16
7.36765	97	0	72	LastDelay	0.067648	67648	1	2
7.36765	97	0	72	FullDelay	0.067648	67648	1	2
7.37622	88	0	72	LastDelay	0.076224	76224	1	2
7.37622	88	0	72	FullDelay	0.076224	76224	1	2
7.38914	5	0	69	LastDelay	0.389136	389136	1	13
7.38914	5	0	69	FullDelay	0.389136	389136	1	13
7.41768	52	0	70	LastDelay	0.31768	317680	1	11
7.41768	52	0	70	FullDelay	0.31768	317680	1	11
7.42626	16	0	70	LastDelay	0.326256	326256	1	11
7.42626	16	0	70	FullDelay	0.326256	326256	1	11
7.43104	82	0	71	LastDelay	0.23104	231040	1	8
7.43104	82	0	71	FullDelay	0.23104	231040	1	8
7.43395	0	0	68	LastDelay	0.533952	533952	1	18
7.43395	0	0	68	FullDelay	0.533952	533952	1	18
7.43962	91	0	71	LastDelay	0.239616	239616	1	8
7.43962	91	0	71	FullDelay	0.239616	239616	1	8
7.4491	58	0	72	LastDelay	0.149104	149104	1	5
7.4491	58	0	72	FullDelay	0.149104	149104	1	5
7.46208	11	0	69	LastDelay	0.46208	462080	1	16
7.46208	11	0	69	FullDelay	0.46208	462080	1	16
7.46765	97	0	73	LastDelay	0.067648	67648	1	2
7.46765	97	0	73	FullDelay	0.067648	67648	1	2
7.47622	88	0	73	LastDelay	0.076224	76224	1	2
7.47622	88	0	73	FullDelay	0.076224	76224	1	2
7.48914	5	0	70	LastDelay	0.389136	389136	1	13
7.48914	5	0	70	FullDelay	0.389136	389136	1	13
7.51768	52	0	71	LastDelay	0.31768	317680	1	11
7.51768	52	0	71	FullDelay	0.31768	317680	1	11
7.52626	16	0	71	LastDelay	0.326256	326256	1	11
7.52626	16	0	71	FullDelay	0.326256	326256	1	11
7.53104	82	0	72	LastDelay	0.23104	231040	1	8
7.53104	82	0	72	FullDelay	0.23104	231040	1	8
7.53395	0	0	69	LastDelay	0.533952	533952	1	18
7.53395	0	0	69	FullDelay	0.533952	533952	1	18
7.53962	91	0	72	LastDelay	0.239616	239616	1	8
7.53962	91	0	72	FullDelay	0.239616	239616	1	8
7.5491	58	0	73	LastDelay	0.149104	149104	1	5
7.5491	58	0	73	FullDelay	0.149104	149104	1	5
7.56208	11	0	70	LastDelay	0.46208	462080	1	16
7.56208	11	0	70	FullDelay	0.46208	462080	1	16
7.56765	97	0	74	LastDelay	0.067648	67648	1	2
7.56765	97	0	74	FullDelay	0.067648	67648	1	2
7.57622	88	0	74	LastDelay	0.076224	76224	1	2
7.57622	88	0	74	FullDelay	0.076224	76224	1	2
7.58914	5	0	71	LastDelay	0.389136	389136	1	13
7.58914	5	0	71	FullDelay	0.389136	389136	1	13
7.61768	52	0	72	LastDelay	0.31768	317680	1	11
7.61768	52	0	72	FullDelay	0.31768	317680	1	11
7.62626	16	0	72	LastDelay	0.326256	326256	1	11
7.62626	16	0	72	FullDelay	0.326256	326256	1	11
7.63104	82	0	73	LastDelay	0.23104	231040	1	8
7.63104	82	0	73	FullDelay	0.23104	231040	1	8
7.63395	0	0	70	LastDelay	0.533952	533952	1	18
7.63395	0	0	70	FullDelay	0.533952	533952	1	18
7.63962	91	0	73	LastDelay	0.239616	239616	1	8
7.63962	91	0	73	FullDelay	0.239616	239616	1	8
7.6491	58	0	74	LastDelay	0.149104	149104	1	5
7.6491	58	0	74	FullDelay	0.149104	149104	1	5
7.66208	11	0	71	LastDelay	0.46208	462080	1	16
7.66208	11	0	71	FullDelay	0.46208	462080	1	16
7.66765	97	0	75	LastDelay	0.067648	67648	1	2
7.66765	97	0	75	FullDelay	0.067648	67648	1	2
7.67622	88	0	75	LastDelay	0.076224	76224	1	2
7.67622	88	0	75	FullDelay	0.076224	76224	1	2
7.68914	5	0	72	LastDelay	0.389136	389136	1	13
7.68914	5	0	72	FullDelay	0.389136	389136	1	13
7.71768	52	0	73	LastDelay	0.31768	317680	1	11
7.71768	52	0	73	FullDelay	0.31768	317680	1	11
7.72626	16	0	73	LastDelay	0.326256	326256	1	11
7.72626	16	0	73	FullDelay	0.326256	326256	1	11
7.73104	82	0	74	LastDelay	0.23104	231040	1	8
7.73104	82	0	74	FullDelay	0.23104	231040	1	8
7.73395	0	0	71	LastDelay	0.533952	533952	1	18
7.73395	0	0	71	FullDelay	0.533952	533952	1	18
7.73962	91	0	74	LastDelay	0.239616	239616	1	8
7.73962	91	0	74	FullDelay	0.239616	239616	1	8
7.7491	58	0	75	LastDelay	0.149104	149104	1	5
7.7491	58	0	75	FullDelay	0.149104	149104	1	5
7.76208	11	0	72	LastDelay	0.46208	462080	1	16
7.76208	11	0	72	FullDelay	0.46208	462080	1	16
7.76765	97	0	76	LastDelay	0.067648	67648	1	2
7.76765	97	0	76	FullDelay	0.067648	67648	1	2
7.77622	88	0	76	LastDelay	0.076224	76224	1	2
7.77622	88	0	76	FullDelay	0.076224	76224	1	2
7.78914	5	0	73	LastDelay	0.389136	389136	1	13
7.78914	5	0	73	FullDelay	0.389136	389136	1	13
7.81768	52	0	74	LastDelay	0.31768	317680	1	11
7.81768	52	0	74	FullDelay	0.31768	317680	1	11
7.82626	16	0	74	LastDelay	0.326256	326256	1	11
7.82626	16	0	74	FullDelay	0.326256	326256	1	11
7.83104	82	0	75	LastDelay	0.23104	231040	1	8
7.83104	82	0	75	FullDelay	0.23104	231040	1	8
7.83395	0	0	72	LastDelay	0.533952	533952	1	18
7.83395	0	0	72	FullDelay	0.533952	533952	1	18
7.83962	91	0	75	LastDelay	0.239616	239616	1	8
7.83962	91	0	75	FullDelay	0.239616	239616	1	8
7.8491	58	0	76	LastDelay	0.149104	149104	1	5
7.8491	58	0	76	FullDelay	0.149104	149104	1	5
7.86208	11	0	73	LastDelay	0.46208	462080	1	16
7.86208	11	0	73	FullDelay	0.46208	462080	1	16
7.86765	97	0	77	LastDelay	0.067648	67648	1	2
7.86765	97	0	77	FullDelay	0.067648	67648	1	2
7.87622	88	0	77	LastDelay	0.076224	76224	1	2
7.87622	88	0	77	FullDelay	0.076224	76224	1	2
7.88914	5	0	74	LastDelay	0.389136	389136	1	13
7.88914	5	0	74	FullDelay	0.389136	389136	1	13
7.91768	52	0	75	LastDelay	0.31768	317680	1	11
7.91768	52	0	75	FullDelay	0.31768	317680	1	11
7.92626	16	0	75	LastDelay	0.326256	326256	1	11
7.92626	16	0	75	FullDelay	0.326256	326256	1	11
7.93104	82	0	76	LastDelay	0.23104	231040	1	8
7.93104	82	0	76	FullDelay	0.23104	231040	1	8
7.93395	0	0	73	LastDelay	0.533952	533952	1	18
7.93395	0	0	73	FullDelay	0.533952	533952	1	18
7.93962	91	0	76	LastDelay	0.239616	239616	1	8
7.93962	91	0	76	FullDelay	0.239616	239616	1	8
7.9491	58	0	77	LastDelay	0.149104	149104	1	5
7.9491	58	0	77	FullDelay	0.149104	149104	1	5
7.96208	11	0	74	LastDelay	0.46208	462080	1	16
7.96208	11	0	74	FullDelay	0.46208	462080	1	16
7.96765	97	0	78	LastDelay	0.067648	67648	1	2
7.96765	97	0	78	FullDelay	0.067648	67648	1	2
7.97622	88	0	78	LastDelay	0.076224	76224	1	2
7.97622	88	0	78	FullDelay	0.076224	76224	1	2
7.98914	5	0	75	LastDelay	0.389136	389136	1	13
7.98914	5	0	75	FullDelay	0.389136	389136	1	13
8.01768	52	0	76	LastDelay	0.31768	317680	1	11
8.01768	52	0	76	FullDelay	0.31768	317680	1	11
8.02626	16	0	76	LastDelay	0.326256	326256	1	11
8.02626	16	0	76	FullDelay	0.326256	326256	1	11
8.03104	82	0	77	LastDelay	0.23104	231040	1	8
8.03104	82	0	77	FullDelay	0.23104	231040	1	8
8.03395	0	0	74	LastDelay	0.533952	533952	1	18
8.03395	0	0	74	FullDelay	0.533952	533952	1	18
8.03962	91	0	77	LastDelay	0.239616	239616	1	8
8.03962	91	0	77	FullDelay	0.239616	239616	1	8
8.0491	58	0	78	LastDelay	0.149104	149104	1	5
8.0491	58	0	78	FullDelay	0.149104	149104	1	5
8.06208	11	0	75	LastDelay	0.46208	462080	1	16
8.06208	11	0	75	FullDelay	0.46208	462080	1	16
8.06765	97	0	79	LastDelay	0.067648	67648	1	2
8.06765	97	0	79	FullDelay	0.067648	67648	1	2
8.07622	88	0	79	LastDelay	0.076224	76224	1	2
8.07622	88	0	79	FullDelay	0.076224	76224	1	2
8.08914	5	0	76	LastDelay	0.389136	389136	1	13
8.08914	5	0	76	FullDelay	0.389136	389136	1	13
8.11768	52	0	77	LastDelay	0.31768	317680	1	11
8.11768	52	0	77	FullDelay	0.31768	317680	1	11
8.12626	16	0	77	LastDelay	0.326256	326256	1	11
8.12626	16	0	77	FullDelay	0.326256	326256	1	11
8.13104	82	0	78	LastDelay	0.23104	231040	1	8
8.13104	82	0	78	FullDelay	0.23104	231040	1	8
8.13395	0	0	75	LastDelay	0.533952	533952	1	18
8.13395	0	0	75	FullDelay	0.533952	533952	1	18
8.13962	91	0	78	LastDelay	0.239616	239616	1	8
8.13962	91	0	78	FullDelay	0.239616	239616	1	8
8.1491	58	0	79	LastDelay	0.149104	149104	1	5
8.1491	58	0	79	FullDelay	0.149104	149104	1	5
8.16208	11	0	76	LastDelay	0.46208	462080	1	16
8.16208	11	0	76	FullDelay	0.46208	462080	1	16
8.16765	97	0	80	LastDelay	0.067648	67648	1	2
8.16765	97	0	80	FullDelay	0.067648	67648	1	2
8.17622	88	0	80	LastDelay	0.076224	76224	1	2
8.17622	88	0	80	FullDelay	0.076224	76224	1	2
8.18914	5	0	77	LastDelay	0.389136	389136	1	13
8.18914	5	0	77	FullDelay	0.389136	389136	1	13
8.21768	52	0	78	LastDelay	0.31768	317680	1	11
8.21768	52	0	78	FullDelay	0.31768	317680	1	11
8.22626	16	0	78	LastDelay	0.326256	326256	1	11
8.22626	16	0	78	FullDelay	0.326256	326256	1	11
8.23104	82	0	79	LastDelay	0.23104	231040	1	8
8.23104	82	0	79	FullDelay	0.23104	231040	1	8
8.23395	0	0	76	LastDelay	0.533952	533952	1	18
8.23395	0	0	76	FullDelay	0.533952	533952	1	18
8.23962	91	0	79	LastDelay	0.239616	239616	1	8
8.23962	91	0	79	FullDelay	0.239616	239616	1	8
8.2491	58	0	80	LastDelay	0.149104	149104	1	5
8.2491	58	0	80	FullDelay	0.149104	149104	1	5
8.26208	11	0	77	LastDelay	0.46208	462080	1	16
8.26208	11	0	77	FullDelay	0.46208	462080	1	16
8.26765	97	0	81	LastDelay	0.067648	67648	1	2
8.26765	97	0	81	FullDelay	0.067648	67648	1	2
8.27622	88	0	81	LastDelay	0.076224	76224	1	2
8.27622	88	0	81	FullDelay	0.076224	76224	1	2
8.28914	5	0	78	LastDelay	0.389136	389136	1	13
8.28914	5	0	78	FullDelay	0.389136	389136	1	13
8.31768	52	0	79	LastDelay	0.31768	317680	1	11
8.31768	52	0	79	FullDelay	0.31768	317680	1	11
8.32626	16	0	79	LastDelay	0.326256	326256	1	11
8.32626	16	0	79	FullDelay	0.326256	326256	1	11
8.33104	82	0	80	LastDelay	0.23104	231040	1	8
8.33104	82	0	80	FullDelay	0.23104	231040	1	8
8.33395	0	0	77	LastDelay	0.533952	533952	1	18
8.33395	0	0	77	FullDelay	0.533952	533952	1	18
8.33962	91	0	80	LastDelay	0.239616	239616	1	8
8.33962	91	0	80	FullDelay	0.239616	239616	1	8
8.3491	58	0	81	LastDelay	0.149104	149104	1	5
8.3491	58	0	81	FullDelay	0.149104	149104	1	5
8.36208	11	0	78	LastDelay	0.46208	462080	1	16
8.36208	11	0	78	FullDelay	0.46208	462080	1	16
8.36765	97	0	82	LastDelay	0.067648	67648	1	2
8.36765	97	0	82	FullDelay	0.067648	67648	1	2
8.37622	88	0	82	LastDelay	0.076224	76224	1	2
8.37622	88	0	82	FullDelay	0.076224	76224	1	2
8.38914	5	0	79	LastDelay	0.389136	389136	1	13
8.38914	5	0	79	FullDelay	0.389136	389136	1	13
8.41768	52	0	80	LastDelay	0.31768	317680	1	11
8.41768	52	0	80	FullDelay	0.31768	317680	1	11
8.42626	16	0	80	LastDelay	0.326256	326256	1	11
8.42626	16	0	80	FullDelay	0.326256	326256	1	11
8.43104	82	0	81	LastDelay	0.23104	231040	1	8
8.43104	82	0	81	FullDelay	0.23104	231040	1	8
8.43395	0	0	78	LastDelay	0.533952	533952	1	18
8.43395	0	0	78	FullDelay	0.533952	533952	1	18
8.43962	91	0	81	LastDelay	0.239616	239616	1	8
8.43962	91	0	81	FullDelay	0.239616	239616	1	8
8.4491	58	0	82	LastDelay	0.149104	149104	1	5
8.4491	58	0	82	FullDelay	0.149104	149104	1	5
8.46208	11	0	79	LastDelay	0.46208	462080	1	16
8.46208	11	0	79	FullDelay	0.46208	462080	1	16
8.46765	97	0	83	LastDelay	0.067648	67648	1	2
8.46765	97	0	83	FullDelay	0.067648	67648	1	2
8.47622	88	0	83	LastDelay	0.076224	76224	1	2
8.47622	88	0	83	FullDelay	0.076224	76224	1	2
8.48914	5	0	80	LastDelay	0.389136	389136	1	13
8.48914	5	0	80	FullDelay	0.389136	389136	1	13
8.51768	52	0	81	LastDelay	0.31768	317680	1	11
8.51768	52	0	81	FullDelay	0.31768	317680	1	11
8.52626	16	0	81	LastDelay	0.326256	326256	1	11
8.52626	16	0	81	FullDelay	0.326256	326256	1	11
8.53104	82	0	82	LastDelay	0.23104	231040	1	8
8.53104	82	0	82	FullDelay	0.23104	231040	1	8
8.53395	0	0	79	LastDelay	0.533952	533952	1	18
8.53395	0	0	79	FullDelay	0.533952	533952	1	18
8.53962	91	0	82	LastDelay	0.239616	239616	1	8
8.53962	91	0	82	FullDelay	0.239616	239616	1	8
8.5491	58	0	83	LastDelay	0.149104	149104	1	5
8.5491	58	0	83	FullDelay	0.149104	149104	1	5
8.56208	11	0	80	LastDelay	0.46208	462080	1	16
8.56208	11	0	80	FullDelay	0.46208	462080	1	16
8.56765	97	0	84	LastDelay	0.067648	67648	1	2
8.56765	97	0	84	FullDelay	0.067648	67648	1	2
8.57622	88	0	84	LastDelay	0.076224	76224	1	2
8.57622	88	0	84	FullDelay	0.076224	76224	1	2
8.58914	5	0	81	LastDelay	0.389136	389136	1	13
8.58914	5	0	81	FullDelay	0.389136	389136	1	13
8.61768	52	0	82	LastDelay	0.31768	317680	1	11
8.61768	52	0	82	FullDelay	0.31768	317680	1	11
8.62626	16	0	82	LastDelay	0.326256	326256	1	11
8.62626	16	0	82	FullDelay	0.326256	326256	1	11
8.63104	82	0	83	LastDelay	0.23104	231040	1	8
8.63104	82	0	83	FullDelay	0.23104	231040	1	8
8.63395	0	0	80	LastDelay	0.533952	533952	1	18
8.63395	0	0	80	FullDelay	0.533952	533952	1	18
8.63962	91	0	83	LastDelay	0.239616	239616	1	8
8.63962	91	0	83	FullDelay	0.239616	239616	1	8
8.6491	58	0	84	LastDelay	0.149104	149104	1	5
8.6491	58	0	84	FullDelay	0.149104	149104	1	5
8.66208	11	0	81	LastDelay	0.46208	462080	1	16
8.66208	11	0	81	FullDelay	0.46208	462080	1	16
8.66765	97	0	85	LastDelay	0.067648	67648	1	2
8.66765	97	0	85	FullDelay	0.067648	67648	1	2
8.67622	88	0	85	LastDelay	0.076224	76224	1	2
8.67622	88	0	85	FullDelay	0.076224	76224	1	2
8.68914	5	0	82	LastDelay	0.389136	389136	1	13
8.68914	5	0	82	FullDelay	0.389136	389136	1	13
8.71768	52	0	83	LastDelay	0.31768	317680	1	11
8.71768	52	0	83	FullDelay	0.31768	317680	1	11
8.72626	16	0	83	LastDelay	0.326256	326256	1	11
8.72626	16	0	83	FullDelay	0.326256	326256	1	11
8.73104	82	0	84	LastDelay	0.23104	231040	1	8
8.73104	82	0	84	FullDelay	0.23104	231040	1	8
8.73395	0	0	81	LastDelay	0.533952	533952	1	18
8.73395	0	0	81	FullDelay	0.533952	533952	1	18
8.73962	91	0	84	LastDelay	0.239616	239616	1	8
8.73962	91	0	84	FullDelay	0.239616	239616	1	8
8.7491	58	0	85	LastDelay	0.149104	149104	1	5
8.7491	58	0	85	FullDelay	0.149104	149104	1	5
8.76208	11	0	82	LastDelay	0.46208	462080	1	16
8.76208	11	0	82	FullDelay	0.46208	462080	1	16
8.76765	97	0	86	LastDelay	0.067648	67648	1	2
8.76765	97	0	86	FullDelay	0.067648	67648	1	2
8.77622	88	0	86	LastDelay	0.076224	76224	1	2
8.77622	88	0	86	FullDelay	0.076224	76224	1	2
8.78914	5	0	83	LastDelay	0.389136	389136	1	13
8.78914	5	0	83	FullDelay	0.389136	389136	1	13
8.81768	52	0	84	LastDelay	0.31768	317680	1	11
8.81768	52	0	84	FullDelay	0.31768	317680	1	11
8.82626	16	0	84	LastDelay	0.326256	326256	1	11
8.82626	16	0	84	FullDelay	0.326256	326256	1	11
8.83104	82	0	85	LastDelay	0.23104	231040	1	8
8.83104	82	0	85	FullDelay	0.23104	231040	1	8
8.83395	0	0	82	LastDelay	0.533952	533952	1	18
8.83395	0	0	82	FullDelay	0.533952	533952	1	18
8.83962	91	0	85	LastDelay	0.239616	239616	1	8
8.83962	91	0	85	FullDelay	0.239616	239616	1	8
8.8491	58	0	86	LastDelay	0.149104	149104	1	5
8.8491	58	0	86	FullDelay	0.149104	149104	1	5
8.86208	11	0	83	LastDelay	0.46208	462080	1	16
8.86208	11	0	83	FullDelay	0.46208	462080	1	16
8.86765	97	0	87	LastDelay	0.067648	67648	1	2
8.86765	97	0	87	FullDelay	0.067648	67648	1	2
8.87622	88	0	87	LastDelay	0.076224	76224	1	2
8.87622	88	0	87	FullDelay	0.076224	76224	1	2
8.88914	5	0	84	LastDelay	0.389136	389136	1	13
8.88914	5	0	84	FullDelay	0.389136	389136	1	13
8.91768	52	0	85	LastDelay	0.31768	317680	1	11
8.91768	52	0	85	FullDelay	0.31768	317680	1	11
8.92626	16	0	85	LastDelay	0.326256	326256	1	11
8.92626	16	0	85	FullDelay	0.326256	326256	1	11
8.93104	82	0	86	LastDelay	0.23104	231040	1	8
8.93104	82	0	86	FullDelay	0.23104	231040	1	8
8.93395	0	0	83	LastDelay	0.533952	533952	1	18
8.93395	0	0	83	FullDelay	0.533952	533952	1	18
8.93962	91	0	86	LastDelay	0.239616	239616	1	8
8.93962	91	0	86	FullDelay	0.239616	239616	1	8
8.9491	58	0	87	LastDelay	0.149104	149104	1	5
8.9491	58	0	87	FullDelay	0.149104	149104	1	5
8.96208	11	0	84	LastDelay	0.46208	462080	1	16
8.96208	11	0	84	FullDelay	0.46208	462080	1	16
8.96765	97	0	88	LastDelay	0.067648	67648	1	2
8.96765	97	0	88	FullDelay	0.067648	67648	1	2
8.97622	88	0	88	LastDelay	0.076224	76224	1	2
8.97622	88	0	88	FullDelay	0.076224	76224	1	2
8.98914	5	0	85	LastDelay	0.389136	389136	1	13
8.98914	5	0	85	FullDelay	0.389136	389136	1	13
9.01768	52	0	86	LastDelay	0.31768	317680	1	11
9.01768	52	0	86	FullDelay	0.31768	317680	1	11
9.02626	16	0	86	LastDelay	0.326256	326256	1	11
9.02626	16	0	86	FullDelay	0.326256	326256	1	11
9.03104	82	0	87	LastDelay	0.23104	231040	1	8
9.03104	82	0	87	FullDelay	0.23104	231040	1	8
9.03395	0	0	84	LastDelay	0.533952	533952	1	18
9.03395	0	0	84	FullDelay	0.533952	533952	1	18
9.03962	91	0	87	LastDelay	0.239616	239616	1	8
9.03962	91	0	87	FullDelay	0.239616	239616	1	8
9.0491	58	0	88	LastDelay	0.149104	149104	1	5
9.0491	58	0	88	FullDelay	0.149104	149104	1	5
9.06208	11	0	85	LastDelay	0.46208	462080	1	16
9.06208	11	0	85	FullDelay	0.46208	462080	1	16
9.06765	97	0	89	LastDelay	0.067648	67648	1	2
9.06765	97	0	89	FullDelay	0.067648	67648	1	2
9.07622	88	0	89	LastDelay	0.076224	76224	1	2
9.07622	88	0	89	FullDelay	0.076224	76224	1	2
9.08914	5	0	86	LastDelay	0.389136	389136	1	13
9.08914	5	0	86	FullDelay	0.389136	389136	1	13
9.11768	52	0	87	LastDelay	0.31768	317680	1	11
9.11768	52	0	87	FullDelay	0.31768	317680	1	11
9.12626	16	0	87	LastDelay	0.326256	326256	1	11
9.12626	16	0	87	FullDelay	0.326256	326256	1	11
9.13104	82	0	88	LastDelay	0.23104	231040	1	8
9.13104	82	0	88	FullDelay	0.23104	231040	1	8
9.13395	0	0	85	LastDelay	0.533952	533952	1	18
9.13395	0	0	85	FullDelay	0.533952	533952	1	18
9.13962	91	0	88	LastDelay	0.239616	239616	1	8
9.13962	91	0	88	FullDelay	0.239616	239616	1	8
9.1491	58	0	89	LastDelay	0.149104	149104	1	5
9.1491	58	0	89	FullDelay	0.149104	149104	1	5
9.16208	11	0	86	LastDelay	0.46208	462080	1	16
9.16208	11	0	86	FullDelay	0.46208	462080	1	16
9.16765	97	0	90	LastDelay	0.067648	67648	1	2
9.16765	97	0	90	FullDelay	0.067648	67648	1	2
9.17622	88	0	90	LastDelay	0.076224	76224	1	2
9.17622	88	0	90	FullDelay	0.076224	76224	1	2
9.18914	5	0	87	LastDelay	0.389136	389136	1	13
9.18914	5	0	87	FullDelay	0.389136	389136	1	13
9.21768	52	0	88	LastDelay	0.31768	317680	1	11
9.21768	52	0	88	FullDelay	0.31768	317680	1	11
9.22626	16	0	88	LastDelay	0.326256	326256	1	11
9.22626	16	0	88	FullDelay	0.326256	326256	1	11
9.23104	82	0	89	LastDelay	0.23104	231040	1	8
9.23104	82	0	89	FullDelay	0.23104	231040	1	8
9.23395	0	0	86	LastDelay	0.533952	533952	1	18
9.23395	0	0	86	FullDelay	0.533952	533952	1	18
9.23962	91	0	89	LastDelay	0.239616	239616	1	8
9.23962	91	0	89	FullDelay	0.239616	239616	1	8
9.2491	58	0	90	LastDelay	0.149104	149104	1	5
9.2491	58	0	90	FullDelay	0.149104	149104	1	5
9.26208	11	0	87	LastDelay	0.46208	462080	1	16
9.26208	11	0	87	FullDelay	0.46208	462080	1	16
9.26765	97	0	91	LastDelay	0.067648	67648	1	2
9.26765	97	0	91	FullDelay	0.067648	67648	1	2
9.27622	88	0	91	LastDelay	0.076224	76224	1	2
9.27622	88	0	91	FullDelay	0.076224	76224	1	2
9.28914	5	0	88	LastDelay	0.389136	389136	1	13
9.28914	5	0	88	FullDelay	0.389136	389136	1	13
9.31768	52	0	89	LastDelay	0.31768	317680	1	11
9.31768	52	0	89	FullDelay	0.31768	317680	1	11
9.32626	16	0	89	LastDelay	0.326256	326256	1	11
9.32626	16	0	89	FullDelay	0.326256	326256	1	11
9.33104	82	0	90	LastDelay	0.23104	231040	1	8
9.33104	82	0	90	FullDelay	0.23104	231040	1	8
9.33395	0	0	87	LastDelay	0.533952	533952	1	18
9.33395	0	0	87	FullDelay	0.533952	533952	1	18
9.33962	91	0	90	LastDelay	0.239616	239616	1	8
9.33962	91	0	90	FullDelay	0.239616	239616	1	8
9.3491	58	0	91	LastDelay	0.149104	149104	1	5
9.3491	58	0	91	FullDelay	0.149104	149104	1	5
9.36208	11	0	88	LastDelay	0.46208	462080	1	16
9.36208	11	0	88	FullDelay	0.46208	462080	1	16
9.36765	97	0	92	LastDelay	0.067648	67648	1	2
9.36765	97	0	92	FullDelay	0.067648	67648	1	2
9.37622	88	0	92	LastDelay	0.076224	76224	1	2
9.37622	88	0	92	FullDelay	0.076224	76224	1	2
9.38914	5	0	89	LastDelay	0.389136	389136	1	13
9.38914	5	0	89	FullDelay	0.389136	389136	1	13
9.41768	52	0	90	LastDelay	0.31768	317680	1	11
9.41768	52	0	90	FullDelay	0.31768	317680	1	11
9.42626	16	0	90	LastDelay	0.326256	326256	1	11
9.42626	16	0	90	FullDelay	0.326256	326256	1	11
9.43104	82	0	91	LastDelay	0.23104	231040	1	8
9.43104	82	0	91	FullDelay	0.23104	231040	1	8
9.43395	0	0	88	LastDelay	0.533952	533952	1	18
9.43395	0	0	88	FullDelay	0.533952	533952	1	18
9.43962	91	0	91	LastDelay	0.239616	239616	1	8
9.43962	91	0	91	FullDelay	0.239616	239616	1	8
9.4491	58	0	92	LastDelay	0.149104	149104	1	5
9.4491	58	0	92	FullDelay	0.149104	149104	1	5
9.46208	11	0	89	LastDelay	0.46208	462080	1	16
9.46208	11	0	89	FullDelay	0.46208	462080	1	16
9.46765	97	0	93	LastDelay	0.067648	67648	1	2
9.46765	97	0	93	FullDelay	0.067648	67648	1	2
9.47622	88	0	93	LastDelay	0.076224	76224	1	2
9.47622	88	0	93	FullDelay	0.076224	76224	1	2
9.48914	5	0	90	LastDelay	0.389136	389136	1	13
9.48914	5	0	90	FullDelay	0.389136	389136	1	13
9.51768	52	0	91	LastDelay	0.31768	317680	1	11
9.51768	52	0	91	FullDelay	0.31768	317680	1	11
9.52626	16	0	91	LastDelay	0.326256	326256	1	11
9.52626	16	0	91	FullDelay	0.326256	326256	1	11
9.53104	82	0	92	LastDelay	0.23104	231040	1	8
9.53104	82	0	92	FullDelay	0.23104	231040	1	8
9.53395	0	0	89	LastDelay	0.533952	533952	1	18
9.53395	0	0	89	FullDelay	0.533952	533952	1	18
9.53962	91	0	92	LastDelay	0.239616	239616	1	8
9.53962	91	0	92	FullDelay	0.239616	239616	1	8
9.5491	58	0	93	LastDelay	0.149104	149104	1	5
9.5491	58	0	93	FullDelay	0.149104	149104	1	5
9.56208	11	0	90	LastDelay	0.46208	462080	1	16
9.56208	11	0	90	FullDelay	0.46208	462080	1	16
9.56765	97	0	94	LastDelay	0.067648	67648	1	2
9.56765	97	0	94	FullDelay	0.067648	67648	1	2
9.57622	88	0	94	LastDelay	0.076224	76224	1	2
9.57622	88	0	94	FullDelay	0.076224	76224	1	2
9.58914	5	0	91	LastDelay	0.389136	389136	1	13
9.58914	5	0	91	FullDelay	0.389136	389136	1	13
9.61768	52	0	92	LastDelay	0.31768	317680	1	11
9.61768	52	0	92	FullDelay	0.31768	317680	1	11
9.62626	16	0	92	LastDelay	0.326256	326256	1	11
9.62626	16	0	92	FullDelay	0.326256	326256	1	11
9.63104	82	0	93	LastDelay	0.23104	231040	1	8
9.63104	82	0	93	FullDelay	0.23104	231040	1	8
9.63395	0	0	90	LastDelay	0.533952	533952	1	18
9.63395	0	0	90	FullDelay	0.533952	533952	1	18
9.63962	91	0	93	LastDelay	0.239616	239616	1	8
9.63962	91	0	93	FullDelay	0.239616	239616	1	8
9.6491	58	0	94	LastDelay	0.149104	149104	1	5
9.6491	58	0	94	FullDelay	0.149104	149104	1	5
9.66208	11	0	91	LastDelay	0.46208	462080	1	16
9.66208	11	0	91	FullDelay	0.46208	462080	1	16
9.66765	97	0	95	LastDelay	0.067648	67648	1	2
9.66765	97	0	95	FullDelay	0.067648	67648	1	2
9.67622	88	0	95	LastDelay	0.076224	76224	1	2
9.67622	88	0	95	FullDelay	0.076224	76224	1	2
9.68914	5	0	92	LastDelay	0.389136	389136	1	13
9.68914	5	0	92	FullDelay	0.389136	389136	1	13
9.71768	52	0	93	LastDelay	0.31768	317680	1	11
9.71768	52	0	93	FullDelay	0.31768	317680	1	11
9.72626	16	0	93	LastDelay	0.326256	326256	1	11
9.72626	16	0	93	FullDelay	0.326256	326256	1	11
9.73104	82	0	94	LastDelay	0.23104	231040	1	8
9.73104	82	0	94	FullDelay	0.23104	231040	1	8
9.73395	0	0	91	LastDelay	0.533952	533952	1	18
9.73395	0	0	91	FullDelay	0.533952	533952	1	18
9.73962	91	0	94	LastDelay	0.239616	239616	1	8
9.73962	91	0	94	FullDelay	0.239616	239616	1	8
9.7491	58	0	95	LastDelay	0.149104	149104	1	5
9.7491	58	0	95	FullDelay	0.149104	149104	1	5
9.76208	11	0	92	LastDelay	0.46208	462080	1	16
9.76208	11	0	92	FullDelay	0.46208	462080	1	16
9.76765	97	0	96	LastDelay	0.067648	67648	1	2
9.76765	97	0	96	FullDelay	0.067648	67648	1	2
9.77622	88	0	96	LastDelay	0.076224	76224	1	2
9.77622	88	0	96	FullDelay	0.076224	76224	1	2
9.78914	5	0	93	LastDelay	0.389136	389136	1	13
9.78914	5	0	93	FullDelay	0.389136	389136	1	13
9.81768	52	0	94	LastDelay	0.31768	317680	1	11
9.81768	52	0	94	FullDelay	0.31768	317680	1	11
9.82626	16	0	94	LastDelay	0.326256	326256	1	11
9.82626	16	0	94	FullDelay	0.326256	326256	1	11
9.83104	82	0	95	LastDelay	0.23104	231040	1	8
9.83104	82	0	95	FullDelay	0.23104	231040	1	8
9.83395	0	0	92	LastDelay	0.533952	533952	1	18
9.83395	0	0	92	FullDelay	0.533952	533952	1	18
9.83962	91	0	95	LastDelay	0.239616	239616	1	8
9.83962	91	0	95	FullDelay	0.239616	239616	1	8
9.8491	58	0	96	LastDelay	0.149104	149104	1	5
9.8491	58	0	96	FullDelay	0.149104	149104	1	5
9.86208	11	0	93	LastDelay	0.46208	462080	1	16
9.86208	11	0	93	FullDelay	0.46208	462080	1	16
9.86765	97	0	97	LastDelay	0.067648	67648	1	2
9.86765	97	0	97	FullDelay	0.067648	67648	1	2
9.87622	88	0	97	LastDelay	0.076224	76224	1	2
9.87622	88	0	97	FullDelay	0.076224	76224	1	2
9.88914	5	0	94	LastDelay	0.389136	389136	1	13
9.88914	5	0	94	FullDelay	0.389136	389136	1	13
9.91768	52	0	95	LastDelay	0.31768	317680	1	11
9.91768	52	0	95	FullDelay	0.31768	317680	1	11
9.92626	16	0	95	LastDelay	0.326256	326256	1	11
9.92626	16	0	95	FullDelay	0.326256	326256	1	11
9.93104	82	0	96	LastDelay	0.23104	231040	1	8
9.93104	82	0	96	FullDelay	0.23104	231040	1	8
9.93395	0	0	93	LastDelay	0.533952	533952	1	18
9.93395	0	0	93	FullDelay	0.533952	533952	1	18
9.93962	91	0	96	LastDelay	0.239616	239616	1	8
9.93962	91	0	96	FullDelay	0.239616	239616	1	8
9.9491	58	0	97	LastDelay	0.149104	149104	1	5
9.9491	58	0	97	FullDelay	0.149104	149104	1	5
9.96208	11	0	94	LastDelay	0.46208	462080	1	16
9.96208	11	0	94	FullDelay	0.46208	462080	1	16
9.96765	97	0	98	LastDelay	0.067648	67648	1	2
9.96765	97	0	98	FullDelay	0.067648	67648	1	2
9.97622	88	0	98	LastDelay	0.076224	76224	1	2
9.97622	88	0	98	FullDelay	0.076224	76224	1	2
9.98914	5	0	95	LastDelay	0.389136	389136	1	13
9.98914	5	0	95	FullDelay	0.389136	389136	1	13
